1490283848.003754_4654.png,2.6079065799713135,-2.6481101512908936,42.64642333984375,3.357255220413208,-2.9570693969726562,43.77710723876953,2.948326587677002,-4.215648651123047,42.777408599853516,2.857032299041748,-2.0237514972686768,43.365447998046875,3.572192668914795,-3.939709186553955,43.91249465942383,4.085590839385986,-4.209403991699219,44.766868591308594,3.987682580947876,-3.056861400604248,44.92661666870117,4.406306266784668,-3.89860463142395,45.53706359863281,3.747023820877075,-4.612611770629883,44.11922073364258,2.345548629760742,-3.4381392002105713,42.02914810180664,3.603006362915039,-2.2003819942474365,44.59697341918945,2.002385377883911,-4.236647129058838,41.51405334472656,4.376103401184082,-4.449726581573486,45.41026306152344,3.1111297607421875,-5.57655668258667,43.182193756103516,1.9778170585632324,-2.6408300399780273,41.762054443359375,3.2894604206085205,-1.2818474769592285,44.67495346069336,4.3385009765625,-2.7503936290740967,45.858787536621094,2.492689609527588,-5.233699798583984,42.22007369995117,4.041582107543945,-5.752670764923096,44.74591827392578,3.868292808532715,-5.3520050048828125,44.376182556152344,3.5571980476379395,-5.8176774978637695,43.90207290649414,1.840820550918579,-1.3043266534805298,42.25093078613281,4.1480536460876465,-1.975475788116455,45.87508010864258,4.413609504699707,-5.6985015869140625,45.51567459106445,1.284842610359192,-2.0639708042144775,41.11686706542969,2.607740879058838,-0.6399866938591003,43.992034912109375,1.4996057748794556,-3.365607500076294,40.988101959228516,4.764930725097656,-4.075255870819092,46.62112045288086,4.798403739929199,-4.5681962966918945,46.573219299316406,4.774293899536133,-5.233911037445068,46.429996490478516,1.5595386028289795,-4.728075981140137,40.986602783203125,4.636555194854736,-2.8401331901550293,46.73115158081055,1.609455943107605,-0.4342520534992218,42.59547424316406,3.8975400924682617,-1.183502197265625,45.91954040527344,2.648709297180176,-6.112496376037598,42.6866569519043,1.922053575515747,-5.648137092590332,41.579246520996094,4.78749942779541,-3.597465991973877,47.04833984375,4.257424831390381,-6.289699077606201,45.357181549072266,0.634698748588562,-2.916788339614868,39.98283767700195,3.6850173473358154,-6.532182693481445,44.3112678527832,3.3806705474853516,-6.974691390991211,43.9918098449707,2.897622585296631,-0.3662809133529663,44.8481559753418,4.744625091552734,-2.3837931156158447,47.42513656616211,4.396445274353027,-1.5099409818649292,46.88844299316406,0.536786675453186,-3.9915425777435303,39.7781982421875,4.039059162139893,-6.659964084625244,45.009281158447266,4.883965492248535,-3.22174334526062,47.42320251464844,4.826744556427002,-4.704988956451416,47.033687591552734,0.5401526689529419,-1.0126818418502808,40.54107666015625,0.2827892303466797,-1.8607994318008423,39.7744255065918,4.563767910003662,-5.985535621643066,46.08453369140625,1.6748827695846558,-0.1387307047843933,43.09849548339844,1.108811378479004,-5.892052173614502,40.75630569458008,3.301825761795044,-0.3752918839454651,45.58092498779297,3.929147720336914,-0.7716797590255737,46.513771057128906,-0.03624638915061951,-2.6634886264801025,39.10542297363281,2.692373037338257,-6.848057270050049,43.03026580810547,0.8648830652236938,-0.24904991686344147,41.63326644897461,0.9717725515365601,-5.005762100219727,40.39563751220703,4.943329811096191,-4.1440606117248535,47.269168853759766,1.8509544134140015,-6.568912029266357,41.82746124267578,4.820501327514648,-6.218449592590332,46.998600006103516,4.57865047454834,-6.42078971862793,46.081722259521484,-0.24398428201675415,-3.678557872772217,38.7620964050293,4.756078243255615,-1.674513578414917,47.937522888183594,4.18530797958374,-0.590656042098999,47.20232009887695,4.9171833992004395,-4.946884632110596,47.25714874267578,0.008853375911712646,-4.810645580291748,39.24453353881836,0.08919152617454529,0.2839181423187256,40.77303695678711,-0.2689666152000427,-0.6876739263534546,39.491249084472656,-0.7692971229553223,-1.8282160758972168,38.317752838134766,-0.8015705943107605,-2.975172996520996,38.09254455566406,4.222100257873535,-7.217100143432617,45.57412338256836,3.7895684242248535,-7.4739274978637695,44.95884323120117,2.0355758666992188,-7.059867858886719,42.28129577636719,4.852254390716553,-1.2089945077896118,48.447269439697266,4.693625450134277,-6.511935234069824,46.60383987426758,-1.1760540008544922,-0.9041100144386292,38.10672378540039,4.9558024406433105,-2.770367383956909,48.24349594116211,0.34241482615470886,-5.635115623474121,39.8892822265625,4.95370626449585,-3.8427059650421143,48.01183319091797,4.972711086273193,-4.34803581237793,48.10163497924805,3.358001232147217,0.08426480740308762,46.360836029052734,4.91499662399292,-5.04931116104126,48.099220275878906,4.099887371063232,-8.013357162475586,45.610595703125,4.5717387199401855,-7.615946292877197,46.35381317138672,-0.8381929397583008,0.08869452774524689,39.143280029296875,1.942530632019043,0.13682438433170319,43.79698944091797,4.08460807800293,-0.15291638672351837,47.665199279785156,-1.837372064590454,-2.762661933898926,36.93865203857422,0.8616031408309937,-6.963558197021484,41.01176452636719,3.551833152770996,-8.16301441192627,44.89346694946289,3.03460431098938,-7.623471260070801,43.8337516784668,4.687521934509277,-7.262974739074707,46.83377456665039,0.9284608364105225,0.5126067399978638,42.511940002441406,4.8936004638671875,-6.022878170013428,47.351768493652344,-1.021964192390442,-4.254874229431152,37.91029357910156,-1.8979096412658691,-0.7764803171157837,37.2545166015625,0.22448809444904327,0.9835420250892639,42.105140686035156,-0.6579721570014954,0.8842087388038635,40.146484375,2.1522202491760254,0.5817573070526123,44.97994613647461,-1.852643370628357,-1.9260832071304321,36.9810905456543,4.809866905212402,-0.6770633459091187,48.820281982421875,3.2245030403137207,0.5216470956802368,47.06523513793945,4.96581506729126,-1.9069236516952515,49.06291961669922,4.371432304382324,-8.100726127624512,46.12019729614258,-1.5800607204437256,0.11164535582065582,38.12141418457031,-1.7622382640838623,-3.560295820236206,37.06976318359375,2.6240034103393555,0.6121513247489929,46.005062103271484,4.791961669921875,-1.320761799812317,48.91807556152344,4.907251834869385,-2.9772274494171143,48.94023132324219,1.9738377332687378,-7.960748195648193,42.85167694091797,-0.5313115119934082,-5.303614616394043,38.76123046875,4.323983192443848,-0.04829274117946625,48.50922393798828,4.85211181640625,-3.884267807006836,48.834468841552734,0.09193718433380127,-6.377341270446777,40.04658889770508,1.1735931634902954,-7.390007019042969,41.64384078979492,-2.7207751274108887,-2.1695687770843506,36.00278854370117,1.3994522094726562,0.7419848442077637,43.916831970214844,-2.855837821960449,-0.6453961133956909,36.16737365722656,4.789515495300293,-7.13237190246582,47.41017532348633,4.534029483795166,-7.973875045776367,46.6342658996582,4.478196620941162,-8.532439231872559,46.695655822753906,-0.4025938808917999,1.2872108221054077,41.29188919067383,4.776869773864746,-4.905595302581787,48.744956970214844,4.7050371170043945,-6.785357475280762,47.87685012817383,3.091670513153076,-8.592607498168945,44.566680908203125,2.4055826663970947,-8.248991966247559,43.55710220336914,-1.3332321643829346,1.169180989265442,39.42913818359375,-2.718968629837036,0.4869513511657715,36.91960906982422,1.3807361125946045,0.9813011288642883,44.43125534057617,0.6845035552978516,1.1405370235443115,43.597434997558594,4.724395751953125,-5.979851245880127,48.23078155517578,4.697995662689209,-8.122979164123535,47.30500793457031,3.9196207523345947,-9.058005332946777,45.887115478515625,-1.930939793586731,-4.583568096160889,37.06201171875,-1.3591850996017456,-4.886392116546631,37.71852493286133,4.777635097503662,-0.9804763793945312,49.43906021118164,-0.5473111271858215,-6.073792934417725,39.21888732910156,-2.010838031768799,0.930323600769043,38.18861389160156,-3.435248613357544,-0.9558001756668091,35.441680908203125,4.748621463775635,-0.35977914929389954,49.30710983276367,4.865126132965088,-2.1989407539367676,49.51694869995117,-1.1437034606933594,-6.026289939880371,38.51195526123047,1.4168200492858887,-7.981025218963623,42.32675552368164,0.6765079498291016,0.9572378396987915,42.90633010864258,3.197140693664551,0.8825441598892212,47.940853118896484,4.339441299438477,-9.1199369430542,46.59480667114258,-2.67126727104187,-3.4531493186950684,36.10857391357422,4.645712375640869,-7.478041172027588,48.17850112915039,4.562295913696289,-9.047874450683594,47.14844512939453,3.452000617980957,-9.082879066467285,45.3565788269043,4.50844144821167,0.33776068687438965,49.6588134765625,-2.7968032360076904,1.3442356586456299,37.54366683959961,-3.467977523803711,0.33722299337387085,35.9188117980957,1.6587047576904297,0.9855746030807495,44.99574661254883,0.0014312565326690674,-7.131237506866455,40.37110137939453,-1.860269546508789,-5.8232574462890625,37.67154312133789,4.772147178649902,-3.348867416381836,49.329715728759766,-1.177872657775879,1.6313800811767578,40.3809928894043,1.8871159553527832,-8.786186218261719,43.55715560913086,4.491491317749023,-5.8658294677734375,48.94118118286133,1.7928833961486816,-8.394657135009766,43.1085090637207,3.8695247173309326,0.6567540764808655,48.821311950683594,1.7080107927322388,1.1014372110366821,45.53004455566406,-2.2614548206329346,2.0600666999816895,39.20196533203125,4.785380840301514,-1.800756573677063,49.87008285522461,4.66926908493042,-0.2750246226787567,50.528587341308594,4.077805995941162,0.7088613510131836,49.43233871459961,4.798916816711426,-0.9583604335784912,49.853546142578125,4.66246223449707,-8.371672630310059,47.9915657043457,-3.9899730682373047,-2.3798036575317383,34.70273971557617,-2.720289468765259,-4.574805736541748,36.29582214355469,-3.9703235626220703,0.4419999420642853,35.33597183227539,-0.007084190845489502,1.487865924835205,42.952308654785156,4.507452964782715,-6.861826419830322,48.61613082885742,-3.9407598972320557,-3.714233875274658,34.853187561035156,3.839754581451416,-9.81396484375,46.414493560791016,4.3956685066223145,-9.607027053833008,46.980045318603516,2.5479345321655273,-9.30624008178711,44.57112121582031,2.235905170440674,-8.992714881896973,44.07861328125,-2.5599722862243652,2.0470786094665527,38.692588806152344,-2.9482409954071045,1.917403221130371,37.97559356689453,4.683505058288574,0.19899651408195496,50.394107818603516,4.48075532913208,-3.8452274799346924,49.57625961303711,4.558575630187988,-4.495282173156738,49.34254837036133,2.1867074966430664,1.0504201650619507,46.222206115722656,3.572230815887451,-9.560688018798828,45.931251525878906,4.6616668701171875,-1.2674510478973389,50.368587493896484,4.606669902801514,-2.9578051567077637,49.86641311645508,-3.7601561546325684,1.7470382452011108,36.52994155883789,-4.591753005981445,-0.711067259311676,34.393375396728516,-2.4108893871307373,-5.350697994232178,36.87526321411133,2.588629722595215,0.9597290754318237,47.44404983520508,4.613486289978027,-0.6732801795005798,50.51504898071289,4.515926361083984,-10.10119342803955,47.838768005371094,-2.8966174125671387,-5.351595401763916,36.41592025756836,-1.156184434890747,1.8689614534378052,41.10067367553711,-1.7910178899765015,2.123037815093994,40.31752395629883,4.205129146575928,-6.418431282043457,48.96245193481445,-3.808750629425049,-4.825507640838623,35.28118896484375,4.546418190002441,-9.267280578613281,48.24097442626953,2.2428224086761475,1.1693916320800781,46.97669982910156,-0.9687103033065796,-6.54587459564209,39.18092346191406,-4.99069881439209,1.005025863647461,34.542415618896484,-0.5587195158004761,1.7467232942581177,42.31368637084961,-0.9339878559112549,-7.180119514465332,39.78683853149414,4.251435279846191,0.9239735007286072,49.989585876464844,0.8635642528533936,1.3620845079421997,44.51652145385742,4.408967971801758,-7.882449626922607,48.81869888305664,4.380627632141113,-9.936391830444336,47.379825592041016,4.117032051086426,-10.426717758178711,47.16814422607422,4.116061210632324,-9.956938743591309,46.666168212890625,0.44909346103668213,-8.603781700134277,42.24949645996094,4.406306743621826,0.9064340591430664,50.63383483886719,-4.447440147399902,1.6514942646026611,35.457767486572266,4.47586727142334,-2.460149049758911,50.324867248535156,2.8318018913269043,-9.743912696838379,45.37765121459961,0.41094812750816345,-8.118860244750977,41.69416046142578,-0.39041614532470703,-7.831933498382568,40.68171691894531,-1.8520796298980713,-6.471185684204102,38.1970329284668,4.346993446350098,-5.2300615310668945,49.41565704345703,-4.631629467010498,-3.4024672508239746,34.14988327026367,4.570800304412842,0.3246573507785797,51.103782653808594,3.1721653938293457,1.1739559173583984,48.72825622558594,-3.794344902038574,2.6682326793670654,37.5843391418457,1.5630316734313965,1.3859513998031616,46.180809020996094,3.1021060943603516,-10.032357215881348,45.82518768310547,-5.215417385101318,-2.4630188941955566,33.67314147949219,-1.411594033241272,2.154419183731079,41.480499267578125,-2.556893825531006,2.5488650798797607,39.7423095703125,-2.8955211639404297,-6.0690460205078125,36.895118713378906,0.8875786662101746,-8.921700477600098,42.97813415527344,4.328986644744873,-1.6698273420333862,50.90026092529297,-3.6115338802337646,-5.606101989746094,35.828792572021484,3.4137322902679443,1.162306308746338,49.630008697509766,4.382452964782715,-3.427809476852417,49.97849655151367,3.353139638900757,-10.483125686645508,46.549800872802734,1.5598307847976685,-9.2581148147583,43.938655853271484,-5.275411605834961,-0.8721932172775269,33.88046646118164,0.20769578218460083,1.6358758211135864,44.28383255004883,-2.419790267944336,2.583054780960083,40.61739730834961,2.612029552459717,1.1885409355163574,48.07269287109375,-5.114596843719482,2.4462387561798096,35.08966827392578,-1.6247097253799438,-6.973959445953369,38.932559967041016,-0.39190438389778137,1.7392512559890747,43.3681640625,-3.384744644165039,2.7854835987091064,38.63362121582031,4.064850330352783,1.323784589767456,50.53523635864258,4.2300310134887695,-10.943340301513672,47.76314926147461,-2.9859817028045654,-6.569228172302246,37.28818893432617,-4.556272983551025,2.728083372116089,36.40922164916992,4.43418550491333,-0.2069704532623291,51.06460952758789,-5.871114730834961,0.6058789491653442,33.907981872558594,4.3644537925720215,-10.088930130004883,48.73025131225586,-5.201418399810791,3.1966171264648438,35.947227478027344,0.7894923686981201,1.513237476348877,45.1783447265625,-4.478662490844727,-4.810085296630859,34.60208511352539,-2.6375205516815186,-6.6084747314453125,37.709434509277344,4.3492841720581055,-8.973105430603027,48.935516357421875,4.137121200561523,-5.918740749359131,49.38085174560547,1.564271330833435,-9.676856994628906,44.44759750366211,-0.49005016684532166,-8.321304321289062,41.24021530151367,4.126126766204834,-6.7650885581970215,49.13615798950195,1.8885201215744019,1.3669543266296387,47.20711898803711,-5.954162120819092,2.2568254470825195,34.26805114746094,-5.496619701385498,-3.6586978435516357,33.42393112182617,-6.058948040008545,-1.156891107559204,33.43863296508789,2.109107494354248,-10.218769073486328,45.38603210449219,-5.1641035079956055,-4.918148040771484,33.953800201416016,-3.073823928833008,2.7436106204986572,39.11957931518555,2.2794108390808105,1.4645960330963135,48.68938446044922,3.789936065673828,-10.904474258422852,47.48878479003906,-1.0042369365692139,2.1034507751464844,42.93861770629883,2.025254249572754,1.1802085638046265,47.9276237487793,3.2484538555145264,-11.08958625793457,47.19129943847656,0.9793887138366699,-9.344757080078125,43.68541717529297,-1.5407847166061401,2.3040266036987305,42.090946197509766,-3.7777695655822754,-6.265514850616455,36.155696868896484,2.6610889434814453,-10.702556610107422,46.36936569213867,4.08957576751709,-11.309001922607422,47.94096374511719,1.6740431785583496,-9.980234146118164,45.08769226074219,3.761906147003174,-6.353988170623779,49.54591751098633,3.989306926727295,-7.23057222366333,49.415687561035156,4.280255317687988,-2.4508676528930664,50.70479202270508,3.9883317947387695,-5.093283176422119,49.89802932739258,-1.3843566179275513,-7.797624588012695,40.036312103271484,4.1827216148376465,1.3715989589691162,51.64004898071289,4.343788146972656,-10.754744529724121,48.7559928894043,2.965808868408203,1.38917076587677,49.33445739746094,-5.759657382965088,3.2921597957611084,35.017822265625,-6.170405864715576,3.0912952423095703,34.45559310913086,4.620187282562256,0.384505033493042,51.422393798828125,2.8866653442382812,1.5517661571502686,50.04346466064453,-6.0085673332214355,-2.175692319869995,33.22506332397461,-2.304511785507202,2.6503727436065674,41.08164978027344,-4.604157447814941,3.190528392791748,37.143001556396484,1.0195492506027222,1.6098012924194336,46.364356994628906,-0.6056444644927979,-8.821155548095703,41.9466667175293,-6.381034851074219,1.372638463973999,33.926048278808594,4.479496955871582,0.9730043411254883,51.72365188598633,4.369078636169434,0.3723757863044739,51.938167572021484,3.8760976791381836,-5.6656012535095215,49.81731033325195,4.012333869934082,-3.1435859203338623,50.65178680419922,4.094448089599609,-8.382408142089844,49.27775955200195,4.326028347015381,-11.286734580993652,48.74319076538086,-2.1239569187164307,-7.6527814865112305,39.43876266479492,-2.4405384063720703,-7.159660816192627,38.47945785522461,-4.865555763244629,-6.261837005615234,35.02427291870117,4.154875755310059,-0.8860516548156738,51.373512268066406,3.469618320465088,1.5482498407363892,50.78190612792969,-4.985449314117432,-5.767786979675293,34.545066833496094,3.74967622756958,1.429226279258728,50.8516845703125,4.082571506500244,-9.866299629211426,49.329742431640625,1.5879236459732056,1.4031087160110474,47.158809661865234,-0.4460589587688446,1.9456723928451538,44.452049255371094,4.040368556976318,-3.733635663986206,50.41300582885742,-6.690645217895508,-0.4388313889503479,33.402984619140625,3.8356759548187256,-4.766500473022461,50.07599639892578,3.967278003692627,-8.963324546813965,49.424991607666016,-3.398810863494873,3.1024253368377686,39.59529113769531,-5.533657550811768,3.6653590202331543,36.22677993774414,3.9633283615112305,-7.895323276519775,49.396419525146484,-3.1845507621765137,3.0229456424713135,40.307830810546875,-4.058473587036133,3.179126024246216,38.286590576171875,3.7658612728118896,-4.03834867477417,50.34276580810547,0.2819480299949646,1.6905258893966675,45.44591522216797,-0.3664664924144745,1.9948482513427734,44.968135833740234,-6.507209300994873,-3.32218074798584,32.821197509765625,4.115503311157227,-0.18712535500526428,51.536659240722656,-0.8711572885513306,1.9736762046813965,43.82472229003906,-0.26335620880126953,-9.096343994140625,42.59228515625,4.182619094848633,1.5683255195617676,52.31791687011719,-2.487074613571167,2.739236831665039,41.59156036376953,3.998678207397461,-1.8196393251419067,51.17654800415039,-6.454617023468018,3.8842005729675293,34.71562194824219,3.8303098678588867,1.8144761323928833,51.68449020385742,2.6068053245544434,1.5604808330535889,49.5328254699707,-4.687341690063477,-6.742860317230225,35.79979705810547,1.25022292137146,1.6842881441116333,47.326637268066406,1.179625153541565,-9.987421989440918,44.81288528442383,-1.4302120208740234,-8.32284927368164,40.576290130615234,-5.9755659103393555,-4.360215663909912,33.13938522338867,4.051760673522949,-10.36087417602539,49.20531463623047,-2.1982951164245605,2.627545118331909,41.883487701416016,-3.9002156257629395,-6.832982540130615,36.69105911254883,3.8605148792266846,-2.3871278762817383,50.99887466430664,1.4883172512054443,1.386754035949707,48.212646484375,3.7021188735961914,-11.836833000183105,48.10503005981445,-1.7898156642913818,2.399432897567749,42.489810943603516,2.9419186115264893,-11.527339935302734,48.07111358642578,-6.312869548797607,-5.3147478103637695,33.074764251708984,-5.764750957489014,-5.727863788604736,33.82526779174805,-7.1868133544921875,0.41797590255737305,33.48854446411133,-1.3146860599517822,2.2184081077575684,43.31991195678711,3.7425341606140137,-6.735646724700928,49.59002685546875,3.5219545364379883,-6.4315571784973145,49.55820846557617,-3.675947666168213,-7.227989196777344,37.43678283691406,-6.844103813171387,2.533156156539917,33.986019134521484,-6.79099178314209,-1.8398387432098389,33.060298919677734,-7.259710788726807,1.068993330001831,33.723548889160156,1.568306803703308,-10.528773307800293,45.74259948730469,0.3145267069339752,-9.517739295959473,43.78230667114258,-4.19440221786499,3.4499764442443848,39.24003601074219,3.91121244430542,-2.841966390609741,50.76983642578125,4.098794460296631,-11.503703117370605,49.31766891479492,3.854884624481201,-9.57005786895752,49.38847351074219,-6.452546119689941,4.166548252105713,35.520263671875,4.07049560546875,-12.209527969360352,48.8059196472168,3.733241558074951,-0.6047483086585999,51.74253845214844,-6.607447624206543,-1.1552170515060425,33.35786056518555,3.820406436920166,1.2208456993103027,51.84235763549805,2.5786678791046143,-11.342473983764648,47.334800720214844,-6.7976531982421875,-4.058626174926758,32.76060104370117,0.30830979347229004,1.7860928773880005,46.37553024291992,-4.7122802734375,3.6613662242889404,38.64286422729492,-4.955535888671875,3.6233463287353516,37.7501106262207,-1.3741672039031982,-8.544341087341309,41.1151237487793,3.4213736057281494,1.450149416923523,51.69095993041992,-3.0917773246765137,2.911243200302124,41.05501174926758,3.6714859008789062,0.392724871635437,52.06011199951172,-3.536466598510742,-7.371743679046631,38.004913330078125,3.8470711708068848,-1.1660581827163696,51.50104522705078,-7.124809741973877,3.9559285640716553,34.24261474609375,3.702993869781494,-7.853540420532227,49.50349807739258,-1.2147455215454102,-8.814167976379395,41.67136764526367,3.533804178237915,-6.011285305023193,49.83196258544922,4.0380706787109375,-10.810201644897461,49.27360534667969,3.6071112155914307,-7.082319736480713,49.55803298950195,-7.141752243041992,4.65532922744751,34.79423141479492,3.5382039546966553,-4.591049671173096,50.30104064941406,0.764836847782135,-10.20545768737793,45.245689392089844,-6.731648921966553,-4.933198928833008,32.766021728515625,3.5242910385131836,-5.391825199127197,50.1285400390625,-3.2145586013793945,-7.52440071105957,38.43656539916992,3.452058792114258,-3.5268430709838867,50.7525634765625,-5.520602226257324,3.8900325298309326,37.02582931518555,-7.257638931274414,3.433048725128174,34.02988052368164,-2.069459915161133,-8.140276908874512,40.08085250854492,-2.69218111038208,-7.61515998840332,39.15814208984375,3.7024929523468018,-9.16067123413086,49.36924362182617,-7.400762557983398,-2.325284242630005,32.90365219116211,-5.739718437194824,-6.435366630554199,34.45783996582031,2.5136520862579346,1.5327999591827393,50.46799850463867,3.980457305908203,-12.426447868347168,49.23053741455078,1.598157286643982,-10.867084503173828,46.30503463745117,2.1025688648223877,-11.097040176391602,46.78821563720703,3.5307350158691406,0.9160431623458862,51.972469329833984,3.525181770324707,-12.280242919921875,48.541107177734375,-0.3698498606681824,1.8332823514938354,45.73468780517578,-1.3754405975341797,2.167234420776367,44.13435363769531,-6.48103141784668,-6.008443832397461,33.389225006103516,-2.405695915222168,2.6436147689819336,42.45844650268555,2.134772777557373,1.4861294031143188,49.79041290283203,3.6101248264312744,-2.188605785369873,51.3487663269043,-7.567684650421143,4.722426414489746,34.38606262207031,3.525635242462158,-0.003765702247619629,52.00577163696289,3.4573469161987305,-2.8734827041625977,51.08652877807617,3.3851964473724365,-4.056784152984619,50.58247375488281,1.030315637588501,1.4734793901443481,48.19181442260742,-1.932730793952942,2.397594451904297,42.993099212646484,3.4063491821289062,-7.438742637634277,49.738853454589844,3.4227864742279053,-6.873028755187988,49.77228927612305,3.4706006050109863,-10.535849571228027,49.439788818359375,3.639706611633301,-8.54216194152832,49.6324348449707,-7.630622863769531,-0.8360235691070557,33.33192825317383,-5.317210674285889,3.863490581512451,38.193416595458984,-0.5035316348075867,-9.422677993774414,43.52926254272461,-7.860237121582031,1.9135881662368774,33.74980545043945,-7.063974857330322,-3.3779959678649902,32.69758987426758,-4.965289115905762,-7.438722133636475,36.6744270324707,3.343085289001465,-8.243565559387207,49.766204833984375,3.5819270610809326,-10.16614055633545,49.613304138183594,0.4668220281600952,1.654876470565796,47.39116287231445,3.2226831912994385,-5.718614101409912,50.170066833496094,-2.9590671062469482,2.874436140060425,41.92287063598633,3.383444309234619,-9.308829307556152,49.68943786621094,3.3913590908050537,-8.845921516418457,49.69576644897461,3.182640552520752,1.2673866748809814,51.71674346923828,3.0583605766296387,-11.974817276000977,48.569725036621094,-3.5489964485168457,-7.923074722290039,39.24577331542969,2.960688591003418,-6.414186477661133,50.01399230957031,-2.780336856842041,-8.176041603088379,39.794677734375,-3.759192943572998,3.2759461402893066,40.45566177368164,-6.5302629470825195,4.3291497230529785,36.2247314453125,3.0931243896484375,-7.899661064147949,49.86274719238281,3.3338937759399414,-1.541703462600708,51.61994171142578,0.2899889647960663,-9.940512657165527,44.69345474243164,-2.165776014328003,2.522268533706665,43.143375396728516,-4.995953559875488,3.762343168258667,39.17108917236328,3.086343288421631,-4.345222473144531,50.64104080200195,-1.8489787578582764,2.3170864582061768,43.897743225097656,-7.613986492156982,-0.22035381197929382,33.37870788574219,3.335841655731201,-11.768542289733887,48.82464599609375,1.1051912307739258,-10.337722778320312,45.81622314453125,-1.4220097064971924,-9.152419090270996,42.531070709228516,3.368408203125,-9.822606086730957,49.571964263916016,-5.993544578552246,4.223995685577393,37.57564163208008,3.5444998741149902,-11.347500801086426,49.20606994628906,-6.437758445739746,4.375454425811768,36.849788665771484,3.30415678024292,-4.670666694641113,50.18342208862305,-0.519867479801178,1.852879285812378,46.12031173706055,-6.303293704986572,-6.510946273803711,34.002986907958984,-7.4099650382995605,-4.52613639831543,32.55854415893555,2.927137851715088,-1.003710389137268,51.68708038330078,-5.921319961547852,-6.928830146789551,34.92858123779297,-7.349610328674316,-5.7661237716674805,32.47166061401367,1.2797138690948486,1.3370237350463867,49.27145004272461,3.048210382461548,-4.767932891845703,50.54903030395508,-4.383828163146973,3.4626564979553223,40.22341537475586,-8.043660163879395,3.354133367538452,33.81637191772461,3.3610925674438477,-11.25537109375,49.36099624633789,-7.587388515472412,4.909111976623535,35.17888641357422,-7.131655693054199,-6.167391300201416,32.88655090332031,-7.478724479675293,-5.314145565032959,32.407413482666016,3.1205191612243652,-0.5969676375389099,51.844154357910156,-1.0705894231796265,2.0959739685058594,45.2610969543457,-1.9887995719909668,-8.699715614318848,41.19334411621094,2.6888680458068848,1.1182814836502075,51.41019821166992,-0.4207020401954651,1.639078140258789,47.001739501953125,-0.1728982925415039,-9.639471054077148,43.91121292114258,2.9868361949920654,-5.477194786071777,50.41533279418945,-2.6583011150360107,-8.497185707092285,40.40258026123047,3.0326802730560303,0.40772387385368347,51.9349365234375,-1.6026298999786377,2.20377779006958,44.58269119262695,-7.993529796600342,0.2941853106021881,33.52024459838867,-3.6566109657287598,3.055103302001953,41.30431365966797,-8.519306182861328,2.7682933807373047,33.8608283996582,-4.5786213874816895,-7.752346992492676,37.79726791381836,2.996835470199585,-6.932301044464111,49.883026123046875,1.9543030261993408,1.1950697898864746,50.461669921875,-7.086004734039307,4.631370544433594,36.16089630126953,2.114598274230957,-11.452152252197266,48.009639739990234,-8.053630828857422,3.781315803527832,33.98695755004883,3.0302257537841797,-2.356555700302124,51.51885986328125,2.801569700241089,-3.245250940322876,50.94486618041992,2.704282283782959,-3.647122383117676,50.94459915161133,-8.316571235656738,5.491631984710693,34.50048065185547,-1.073258638381958,-9.333333969116211,43.08259201049805,-7.961571216583252,-2.367873430252075,32.914222717285156,-8.250323295593262,-1.745915412902832,33.216773986816406,-7.952558517456055,-2.946744680404663,32.94462585449219,-5.87241792678833,4.099226951599121,38.34862518310547,-8.060970306396484,-3.423098087310791,32.668033599853516,1.5703840255737305,-11.102008819580078,47.16083908081055,0.06335949897766113,1.206167221069336,48.23068618774414,-5.46727991104126,3.927525520324707,38.8401985168457,2.8569321632385254,-10.644326210021973,49.527801513671875,2.753458261489868,-7.614709377288818,49.98187255859375,-4.782761573791504,-7.623816013336182,37.28058624267578,-5.865854740142822,-7.239048957824707,35.65882873535156,-2.5433120727539062,2.4995760917663574,43.341983795166016,-8.20823860168457,4.278475284576416,34.311031341552734,2.347029685974121,-6.393460273742676,50.31694030761719,2.7192163467407227,-11.498862266540527,49.04920959472656,0.5839262008666992,1.1509252786636353,48.71064376831055,-3.534331798553467,2.879868745803833,42.233489990234375,2.655628204345703,-0.014196455478668213,51.80904769897461,2.4494123458862305,-1.5645750761032104,51.55251693725586,2.2780280113220215,-6.812439918518066,50.03836441040039,-8.501792907714844,-4.516310691833496,32.37287902832031,-8.358076095581055,1.1448907852172852,33.75185775756836,2.190458059310913,0.4802960455417633,51.49406433105469,-8.330714225769043,-6.336409091949463,32.08778381347656,-5.237148284912109,3.615476608276367,40.04187774658203,-2.078486442565918,2.161487102508545,44.787452697753906,2.4648194313049316,-9.290010452270508,49.73704528808594,-4.398190975189209,-7.929556369781494,38.639286041259766,-8.776053428649902,-5.307154178619385,32.21159362792969,-8.600874900817871,-0.36835065484046936,33.60068893432617,-1.3263490200042725,1.7875490188598633,46.2267951965332,2.2943711280822754,-11.590875625610352,48.72845458984375,2.503941059112549,-4.343003273010254,50.82498550415039,2.3044371604919434,-5.598663806915283,50.46760559082031,-0.3727297782897949,1.2155951261520386,47.736534118652344,-7.579921245574951,-7.007608890533447,33.56385803222656,-7.902608871459961,-6.523411750793457,32.54141616821289,2.360328197479248,-7.204738616943359,50.07828903198242,0.569018542766571,-10.334752082824707,46.12876892089844,-6.837557792663574,-7.182194232940674,34.502403259277344,-2.584062337875366,2.3772199153900146,43.96513366699219,-6.608181953430176,4.321213245391846,37.82170104980469,-8.639062881469727,4.753927707672119,34.481021881103516,-8.533552169799805,0.431167870759964,33.864479064941406,1.9468562602996826,-3.3472862243652344,50.974998474121094,-7.094425201416016,4.613832473754883,36.81235122680664,-0.4556998014450073,-9.816181182861328,44.586341857910156,-0.9958287477493286,1.4152754545211792,47.04472732543945,-1.9400800466537476,-9.020951271057129,42.28097915649414,-3.0832266807556152,2.5592103004455566,43.24300003051758,-5.734856128692627,3.7271618843078613,39.642337799072266,0.9589225053787231,0.6806436777114868,50.1025505065918,-0.08599013090133667,-10.026233673095703,45.25346374511719,-8.27807903289795,-0.9318737983703613,33.315040588378906,2.3296732902526855,-2.6555607318878174,51.33849334716797,-8.771744728088379,-2.061964511871338,33.236785888671875,-4.4200053215026855,3.193631649017334,41.19260787963867,-6.418860912322998,-7.296806812286377,35.197872161865234,-7.828283786773682,4.963748455047607,35.87442398071289,-8.548330307006836,1.9874032735824585,33.814247131347656,2.0578536987304688,-7.956811428070068,49.98492431640625,0.9707111120223999,-10.778143882751465,47.548423767089844,0.283804714679718,-10.373019218444824,46.644432067871094,0.5501835346221924,0.9903037548065186,49.25359344482422,-8.469550132751465,-2.5687437057495117,33.169124603271484,-8.37185287475586,5.245620250701904,35.05382537841797,-8.897985458374023,6.008172988891602,33.514007568359375,-8.921089172363281,6.029801368713379,33.908626556396484,-8.931028366088867,5.588925361633301,34.484764099121094,-9.056317329406738,-5.589492321014404,32.08700180053711,-8.762882232666016,4.182256698608398,33.88909149169922,-3.5980987548828125,-8.474477767944336,40.52265548706055,-8.7335786819458,5.3478217124938965,34.19552993774414,-7.7095255851745605,-6.705910682678223,33.13209533691406,-9.183266639709473,4.980749607086182,33.996604919433594,-9.213053703308105,5.416417121887207,33.684303283691406,1.9059317111968994,-0.3029632270336151,51.46523666381836,2.110262870788574,-11.198263168334961,48.995235443115234,-1.224885106086731,-9.451933860778809,43.88618850708008,1.4179867506027222,-0.04894912242889404,51.09646224975586,1.0997048616409302,0.31078192591667175,50.61764144897461,-2.5322110652923584,-8.772551536560059,41.73046875,-9.087532043457031,1.0873007774353027,33.93540573120117,-6.028152942657471,-7.544610977172852,36.343265533447266,-8.654350280761719,-3.609890937805176,32.664459228515625,2.0283384323120117,-10.163308143615723,49.4356803894043,-9.180628776550293,3.464034080505371,34.11750411987305,-5.587619304656982,-7.854992866516113,37.67026901245117,-7.141761779785156,4.371581554412842,37.81090545654297,-7.795726299285889,4.755232810974121,36.74894714355469,-4.9379987716674805,3.050143241882324,41.46528244018555,-8.61803150177002,-3.0213518142700195,32.919376373291016,0.00911855697631836,0.5629637241363525,49.34506607055664,-0.6147682666778564,-9.903064727783203,45.693302154541016,-1.9170260429382324,-9.181951522827148,43.25288009643555,-4.3862690925598145,-8.116086959838867,39.622066497802734,-8.927582740783691,-1.6144158840179443,33.42103958129883,-9.022807121276855,-4.453952312469482,32.44306182861328,-3.1331770420074463,-8.71445083618164,41.41106033325195,1.1171858310699463,-1.668013095855713,51.16499328613281,1.4771959781646729,-3.9234931468963623,50.890655517578125,1.7181905508041382,-5.1978373527526855,50.59500503540039,-8.484618186950684,-6.802248477935791,32.722171783447266,-3.8695027828216553,2.545241594314575,43.11909866333008,-6.4873809814453125,3.985771417617798,38.91814422607422,-9.164149284362793,4.21891975402832,33.92378234863281,-9.22836971282959,5.480295181274414,34.21599578857422,1.2422983646392822,-10.67038345336914,48.39818572998047,-8.222188949584961,4.897991180419922,36.54289245605469,-9.163453102111816,1.8348695039749146,34.01651382446289,1.4757375717163086,-6.019283294677734,50.45922088623047,-9.084176063537598,-6.725492000579834,31.98551368713379,-2.858583450317383,1.8923985958099365,45.1296501159668,-1.8678996562957764,1.5197641849517822,46.40824890136719,-3.289447069168091,2.292041540145874,43.93375015258789,-0.864250659942627,-9.789053916931152,45.08891677856445,1.3261288404464722,-10.323012351989746,48.99969482421875,-7.755025863647461,4.489880084991455,37.42439270019531,-8.481648445129395,5.102510929107666,35.95389938354492,-9.167049407958984,2.5376765727996826,34.01986312866211,1.4138884544372559,-2.2204151153564453,51.08005142211914,-2.8383147716522217,-8.849926948547363,42.3455696105957,-8.766830444335938,4.971179485321045,35.6645393371582,-8.851007461547852,-3.779406785964966,32.7989501953125,1.4451755285263062,-8.420243263244629,49.767059326171875,-9.183820724487305,-0.7176101207733154,33.74824905395508,-7.528182506561279,-7.418499946594238,34.654197692871094,-0.9406781196594238,0.6310064196586609,48.197662353515625,1.2864642143249512,-0.6533933877944946,51.14511489868164,1.4569374322891235,-6.4814229011535645,50.258026123046875,-1.399784803390503,-9.503640174865723,44.37890625,-6.744247913360596,-7.597236633300781,36.331336975097656,-8.777369499206543,-7.225369453430176,32.94016647338867,-0.38286590576171875,-9.95411491394043,46.30331802368164,-5.296051502227783,-7.9147138595581055,38.311832427978516,1.3514881134033203,-1.1967754364013672,51.17147445678711,-4.639270305633545,2.481163501739502,42.73086929321289,-6.034239292144775,3.38035249710083,40.357662200927734,-9.316546440124512,5.178978443145752,34.671966552734375,-9.123355865478516,-3.006932497024536,33.08950424194336,-9.151074409484863,-3.5694711208343506,32.87617874145508,0.9772168397903442,-8.793892860412598,49.44967269897461,-3.372429609298706,-8.63731575012207,42.00401306152344,1.257735252380371,-6.964743137359619,50.16262435913086,-5.29233455657959,-8.037649154663086,38.98722839355469,-9.499600410461426,4.778811931610107,34.66612243652344,-8.163549423217773,4.531816005706787,37.153934478759766,-9.493680000305176,3.955660343170166,34.49776840209961,-9.150317192077637,0.4711768627166748,34.13077163696289,-9.52913761138916,-6.434536933898926,32.17487335205078,-7.552360534667969,3.987354040145874,38.44083023071289,-7.074414253234863,3.8834826946258545,38.8846549987793,-0.1145942211151123,-10.165672302246094,46.92558670043945,-9.591255187988281,-4.8831257820129395,32.55335998535156,0.2808927297592163,-10.196760177612305,47.796966552734375,-2.2134361267089844,-9.075992584228516,44.000152587890625,0.5469168424606323,-0.45971739292144775,50.55374526977539,0.7003827095031738,-9.483907699584961,49.03110885620117,0.7591866254806519,-2.985759735107422,50.800350189208984,-8.387381553649902,-7.303258895874023,33.588165283203125,-7.435363292694092,-7.554933071136475,35.88896942138672,-9.339061737060547,-1.592929482460022,33.69111633300781,-9.543234825134277,-3.1968538761138916,33.23059844970703,-9.474185943603516,5.164806842803955,35.06402587890625,-9.447931289672852,-4.141382217407227,32.78647994995117,-9.475213050842285,2.513052225112915,34.413700103759766,-2.974060535430908,-8.76430606842041,42.830108642578125,-4.738462448120117,-8.195612907409668,40.377872467041016,-1.7117165327072144,0.8004252910614014,47.448760986328125,-9.679972648620605,-6.089675426483154,32.033103942871094,-5.882697105407715,2.890110731124878,41.28453826904297,-5.146341800689697,2.563068151473999,42.269432067871094,-9.154335021972656,4.977171421051025,35.34244918823242,-6.647464752197266,-7.620495319366455,37.240962982177734,-9.607396125793457,-3.7290492057800293,32.921356201171875,-8.504528999328613,-7.39923095703125,34.02830505371094,-9.585322380065918,-6.857111930847168,32.028106689453125,0.609568178653717,-1.1335315704345703,50.824951171875,0.705913782119751,-5.105546474456787,50.44684600830078,-1.217747688293457,-9.543701171875,45.96824645996094,-9.681525230407715,1.3278546333312988,34.60125732421875,-1.7340610027313232,-9.372085571289062,44.930580139160156,-9.641310691833496,-7.1693925857543945,32.34498596191406,-6.128810882568359,-7.772843837738037,38.180965423583984,-0.10851812362670898,-0.3326585292816162,49.926761627197266,-4.221129894256592,1.9551814794540405,44.00297164916992,-3.835232973098755,-8.51725959777832,41.53646469116211,-9.251912117004395,4.560823440551758,36.05790710449219,-9.30910587310791,-2.4311468601226807,33.59675216674805,-9.54662799835205,0.6405707597732544,34.47725296020508,-9.955658912658691,-5.302251815795898,32.35013961791992,-3.383897304534912,1.6768455505371094,45.17402267456055,-7.876832962036133,-7.498406410217285,35.80058288574219,-9.57988166809082,-0.40419548749923706,34.42326354980469,-5.204924583435059,-8.04847240447998,39.644142150878906,-7.137993812561035,3.33774995803833,39.776824951171875,-0.7841652035713196,0.009967505931854248,48.97593688964844,-3.129662036895752,-8.72127914428711,43.43789291381836,-5.947047233581543,-7.843211650848389,38.66579818725586,-2.9229133129119873,-8.667991638183594,44.131282806396484,-7.972702980041504,-7.497555732727051,35.08913803100586,-9.746760368347168,2.8424134254455566,34.741580963134766,-2.466909646987915,1.0728524923324585,46.545875549316406,0.06008946895599365,-7.041069984436035,49.649600982666016,-1.7837557792663574,-0.2691870331764221,48.352684020996094,-9.191329002380371,-7.312595844268799,33.1787223815918,-9.781238555908203,3.4493162631988525,34.93684005737305,-0.09673905372619629,-2.1023292541503906,50.358009338378906,-7.48834753036499,-7.49866247177124,36.678001403808594,-9.550207138061523,-2.3012020587921143,34.09416198730469,-4.485839366912842,-8.289995193481445,41.22940444946289,-0.1545742154121399,-0.9272046685218811,50.2412109375,-9.855012893676758,-4.795788764953613,32.63590621948242,-9.766068458557129,3.677429437637329,35.42001724243164,0.15316084027290344,-6.164977550506592,49.99900436401367,-9.783464431762695,4.465782165527344,35.4389762878418,-10.203234672546387,-6.452996730804443,31.92953872680664,-10.0682954788208,-7.167677879333496,31.925277709960938,-0.12735939025878906,-9.376574516296387,48.35969543457031,-0.21531277894973755,-1.5271778106689453,50.39449691772461,-1.034106969833374,-9.332221984863281,46.928871154785156,-9.858394622802734,1.847230076789856,34.8515739440918,-7.455593109130859,-7.496045112609863,37.1175422668457,-9.54224681854248,-1.6668614149093628,33.95521545410156,-8.349156379699707,3.9394190311431885,37.88865661621094,-0.7480021715164185,-9.138802528381348,47.867095947265625,-3.5673933029174805,-8.561830520629883,42.810157775878906,-6.587207317352295,2.7657244205474854,40.96154022216797,0.15377897024154663,-3.263335704803467,50.50557327270508,-4.326528072357178,-8.27430248260498,42.09512710571289,-5.189393043518066,1.8203866481781006,43.40066909790039,-9.91856575012207,-2.895984649658203,33.748355865478516,-9.887417793273926,-4.371029853820801,32.958370208740234,-0.9392463564872742,-0.5881589651107788,49.22060012817383,-3.4691832065582275,1.1027650833129883,45.77278137207031,-10.123917579650879,-7.225296974182129,31.599807739257812,-10.018547058105469,-3.745803117752075,33.45869827270508,-8.669833183288574,-7.36899471282959,34.697288513183594,-9.84434700012207,-1.3424396514892578,34.30191421508789,-0.12828415632247925,-8.572876930236816,48.899173736572266,-0.038421981036663055,-4.831254005432129,50.17293930053711,-2.2453742027282715,-8.932450294494629,45.299217224121094,-9.261638641357422,3.918936252593994,37.02404022216797,-2.534938335418701,0.010438278317451477,47.47685241699219,-0.6018930673599243,-7.962369441986084,48.87113952636719,-6.387670993804932,-7.712893962860107,39.144203186035156,-7.165927886962891,-7.464485168457031,37.806114196777344,-9.494782447814941,-7.182147026062012,33.307579040527344,-10.259276390075684,-5.808942794799805,32.43557357788086,-0.9634447693824768,-0.8031426668167114,49.583518981933594,-4.393062114715576,1.374558448791504,44.669307708740234,-9.745726585388184,0.31106916069984436,34.71381759643555,-7.151439189910889,2.7871816158294678,40.51237106323242,-9.877931594848633,-2.1092348098754883,34.44477462768555,-9.926974296569824,2.6100528240203857,35.226707458496094,-5.85572624206543,2.2491865158081055,42.17691421508789,-0.7192143201828003,-1.9653211832046509,49.88561248779297,-9.19493579864502,-7.235840320587158,34.2154426574707,-10.351531982421875,-6.928098201751709,32.18170928955078,-1.342726707458496,-8.886406898498535,47.2257194519043,-8.498318672180176,-7.298062801361084,35.48345184326172,-9.923638343811035,-0.5677273273468018,34.9615364074707,-6.02696418762207,-7.789547443389893,39.787620544433594,-10.28673267364502,-5.2255754470825195,32.82155990600586,-10.507843971252441,-6.893187522888184,31.812591552734375,-9.874706268310547,3.8101580142974854,36.15702438354492,-5.571884632110596,-7.903375148773193,40.68792724609375,-6.855793476104736,-7.442560195922852,38.451656341552734,-10.031211853027344,-3.2603049278259277,33.845481872558594,-10.622828483581543,-7.572490692138672,31.68190574645996,-0.7751500606536865,-3.3670074939727783,49.88624954223633,-5.110253810882568,-7.988783836364746,41.621131896972656,-10.345937728881836,-6.398404598236084,32.87216567993164,-8.473529815673828,2.9836912155151367,39.02107238769531,-10.040287017822266,0.05581754446029663,34.9431037902832,-10.062915802001953,-6.823493957519531,32.93266296386719,-10.14704704284668,2.0261082649230957,35.58717346191406,-9.73958683013916,3.7862377166748047,36.475772857666016,-10.06013298034668,0.7598212361335754,35.184417724609375,-10.857903480529785,-7.2636399269104,31.720949172973633,-10.059871673583984,-2.506375789642334,34.28428649902344,-10.466279983520508,-5.978226184844971,32.85700225830078,-10.500650405883789,-6.56913423538208,32.41928482055664,-2.1815836429595947,-0.40409088134765625,48.34184265136719,-9.053906440734863,3.261113166809082,38.07557678222656,-1.3227148056030273,-1.6276962757110596,49.22725296020508,-10.428400993347168,-4.997540473937988,33.39205551147461,-9.971007347106934,2.761260509490967,36.09706115722656,-0.675976037979126,-5.150178909301758,49.72091293334961,-1.6329543590545654,-0.9949454069137573,49.02570343017578,-2.0032684803009033,-8.346524238586426,46.951332092285156,-2.7223896980285645,-8.3447265625,45.74491882324219,-3.052919387817383,-8.414441108703613,44.870460510253906,-0.7849259972572327,-6.700799942016602,49.228111267089844,-8.196441650390625,-7.253098487854004,36.41575622558594,-10.19481372833252,-1.7108067274093628,35.120262145996094,-1.4370980262756348,-8.293302536010742,47.8393440246582,-9.484379768371582,-7.0357818603515625,34.775577545166016,-9.99567985534668,-6.7320966720581055,34.039981842041016,-3.718555212020874,0.32913821935653687,46.12002182006836,-4.306863307952881,-7.9992828369140625,43.40642166137695,-8.124587059020996,2.594562530517578,39.76178741455078,-10.279552459716797,-4.207404613494873,33.62672424316406,-10.203460693359375,-2.9454970359802246,34.30590057373047,-1.2147876024246216,-2.5018770694732666,49.52006149291992,-6.176547050476074,1.7447800636291504,42.392791748046875,-10.595458984375,-6.6690993309021,32.93034362792969,-3.571939706802368,0.10805700719356537,46.72612762451172,-5.325898170471191,0.8908869028091431,44.34670639038086,-1.490790605545044,-3.385951519012451,49.333473205566406,-10.30300235748291,-3.795403480529785,34.05120086669922,-9.788153648376465,2.8663313388824463,36.58447265625,-2.333644390106201,-0.9030651450157166,48.46003341674805,-3.6021313667297363,-8.051185607910156,44.572200775146484,-7.274306774139404,1.5301295518875122,41.64645004272461,-9.625669479370117,3.2514116764068604,37.41044235229492,-9.353437423706055,-6.84653902053833,35.68510818481445,-10.157639503479004,1.2513865232467651,36.03175354003906,-1.4767439365386963,-6.789793491363525,48.69409942626953,-1.3500176668167114,-4.427690505981445,49.33918762207031,-8.251765251159668,-7.0356221199035645,37.41096878051758,-8.283601760864258,-7.146844387054443,36.8538932800293,-10.326384544372559,-2.295792818069458,34.93074035644531,-2.3516714572906494,-1.5335016250610352,48.39967346191406,-2.3747270107269287,-2.293431520462036,48.5404167175293,-10.252971649169922,-0.1461021453142166,35.59079360961914,-7.671915054321289,-7.1886677742004395,38.21885681152344,-1.9108977317810059,-2.666119337081909,48.96543884277344,-1.4991041421890259,-5.2177205085754395,49.11723709106445,-3.2115581035614014,-0.4667555093765259,47.38391876220703,-9.724538803100586,2.7924246788024902,37.347496032714844,-6.355229377746582,-7.534716606140137,40.41141128540039,-6.849344730377197,-7.301268100738525,39.870235443115234,-7.915901184082031,1.8272545337677002,40.790916442871094,-10.237641334533691,-1.2608429193496704,35.74772644042969,-6.484538555145264,1.2048826217651367,42.50773239135742,-9.937702178955078,1.7714810371398926,36.874916076660156,-10.661937713623047,-5.51711893081665,33.53642272949219,-2.0992484092712402,-7.243251323699951,47.7752799987793,-5.136832237243652,-7.482945919036865,42.91083908081055,-7.306550025939941,-6.961385250091553,39.281166076660156,-9.075234413146973,-6.8246965408325195,36.3484992980957,-2.822524309158325,-7.643131256103516,46.54785919189453,-4.37886905670166,0.441895991563797,45.83795166015625,-9.123676300048828,2.331653356552124,38.94163131713867,-10.726272583007812,-5.2137346267700195,33.991661071777344,-10.453800201416016,-5.8789286613464355,33.77678298950195,-10.569391250610352,-6.389007091522217,33.715274810791016,-2.3084003925323486,-4.36363410949707,48.55210494995117,-10.43531608581543,-3.1741316318511963,34.76901626586914,-2.9238667488098145,-1.826239824295044,47.95274353027344,-2.070077657699585,-5.776941776275635,48.47029113769531,-3.6314280033111572,-0.7074593305587769,46.85435104370117,-2.2498512268066406,-3.385021209716797,48.65187454223633,-10.566131591796875,-4.389822483062744,34.37577819824219,-6.160396575927734,-7.373323440551758,41.45356750488281,-3.690934658050537,-7.5772786140441895,45.293434143066406,-4.267939567565918,-7.327093601226807,44.57135772705078,-10.055209159851074,-6.62876033782959,34.73948287963867,-10.323270797729492,-6.710478782653809,34.13422393798828,-2.839160919189453,-7.3236494064331055,46.82783889770508,-5.691056728363037,0.8309175968170166,44.3408203125,-9.8967924118042,2.0766024589538574,37.98688507080078,-5.018375396728516,0.06148421764373779,45.3519401550293,-9.567131996154785,2.3431921005249023,38.461822509765625,-10.251821517944336,0.5633252263069153,36.34302520751953,-10.153318405151367,0.9256956577301025,36.87640380859375,-10.63341236114502,-4.226411819458008,35.02730941772461,-10.34230899810791,-0.4533509612083435,36.30667495727539,-4.185712814331055,-0.6473216414451599,46.125579833984375,-5.117938995361328,-6.890247344970703,43.8516960144043,-2.820065498352051,-3.4720559120178223,48.112648010253906,-2.8902039527893066,-6.410844802856445,47.31552505493164,-3.683267116546631,-1.7151525020599365,47.11562728881836,-4.357918739318848,-1.2020260095596313,46.22140121459961,-7.943789482116699,-6.454700469970703,39.38521194458008,-3.196899890899658,-2.5345699787139893,47.752403259277344,-9.679780006408691,-6.221907615661621,36.52186965942383,-10.45937728881836,-5.689955711364746,34.45610046386719,-6.649547100067139,1.2093586921691895,42.796897888183594,-10.46942138671875,-1.8890798091888428,36.00730895996094,-9.899495124816895,1.4283679723739624,37.8587760925293,-8.406681060791016,-6.581904411315918,38.248268127441406,-10.123764038085938,-6.321519374847412,35.577781677246094,-2.7813267707824707,-5.104156970977783,47.946083068847656,-3.4998116493225098,-6.617190837860107,46.449485778808594,-10.518131256103516,-6.3600287437438965,34.60841751098633,-7.469179630279541,-6.591824531555176,39.90671920776367,-3.159991502761841,-5.644194602966309,47.365570068359375,-7.935144901275635,1.6579867601394653,41.22173309326172,-3.9233314990997314,-2.603886127471924,46.989078521728516,-3.032107353210449,-4.2699503898620605,47.85173034667969,-10.578986167907715,-3.447852373123169,35.83624267578125,-4.394776344299316,-6.26041841506958,45.441322326660156,-8.952634811401367,-6.369856834411621,37.62871551513672,-10.536005973815918,-2.8069679737091064,36.1041259765625,-6.470053195953369,0.6438246965408325,43.371238708496094,-7.193422317504883,1.0212799310684204,42.288387298583984,-8.840923309326172,2.058594226837158,39.781097412109375,-10.027101516723633,0.7315880656242371,37.8222541809082,-5.7850341796875,0.1970159113407135,44.54813003540039,-10.329767227172852,-0.6369104981422424,36.90115737915039,-4.396033763885498,-2.303405523300171,46.406578063964844,-5.991881370544434,-6.892403602600098,42.60663986206055,-3.4600257873535156,-3.5948455333709717,47.50784683227539,-4.931454658508301,-6.36820125579834,44.589874267578125,-6.953852653503418,-6.619596481323242,41.27720260620117,-4.757171154022217,-1.6640291213989258,45.930789947509766,-10.665270805358887,-4.95566987991333,35.28590393066406,-10.235718727111816,-1.2361105680465698,36.99577331542969,-3.6736392974853516,-5.135529518127441,46.96147918701172,-3.9074487686157227,-5.615699291229248,46.44724655151367,-5.232229232788086,-1.2568870782852173,45.33279037475586,-10.398580551147461,-5.380649566650391,35.427425384521484,-6.257497787475586,-0.047399237751960754,43.83127975463867,-7.023210525512695,0.39326390624046326,42.4289436340332,-3.65457820892334,-4.456491470336914,47.16274642944336,-7.02601957321167,-0.5575557947158813,42.96100616455078,-8.291424751281738,1.211911916732788,41.0814094543457,-5.792541027069092,-0.708833634853363,44.616580963134766,-10.268343925476074,-5.8942389488220215,35.87080001831055,-4.155545711517334,-3.477829933166504,46.770172119140625,-9.493204116821289,1.667434811592102,39.03667449951172,-10.494962692260742,-2.352890729904175,36.69554138183594,-5.438648223876953,-1.6630096435546875,45.17539596557617,-7.583363056182861,-0.08094138652086258,42.12436294555664,-10.041176795959473,0.03699641674757004,37.944664001464844,-4.58901834487915,-5.234255790710449,45.76749801635742,-4.392847537994385,-4.01530122756958,46.36322784423828,-4.7457780838012695,-2.8107810020446777,46.02095413208008,-9.781087875366211,-5.791543006896973,37.01591491699219,-10.617127418518066,-4.2342095375061035,35.841861724853516,-8.947622299194336,1.1596825122833252,39.82494354248047,-8.206219673156738,0.41229701042175293,41.28379821777344,-4.322371482849121,-4.66800594329834,46.286354064941406,-6.231412887573242,-6.314053058624268,42.895320892333984,-7.79914665222168,-5.891997337341309,40.50880432128906,-5.411635875701904,-2.7307682037353516,45.217674255371094,-5.328306198120117,-4.886953353881836,44.95978927612305,-5.491008758544922,-5.775474548339844,44.26115417480469,-9.682121276855469,0.8489816784858704,38.787410736083984,-8.745132446289062,-6.087672233581543,38.53830337524414,-10.279397964477539,-1.7586479187011719,37.4080810546875,-6.49273681640625,-1.1805310249328613,43.85661697387695,-10.160484313964844,-0.7085938453674316,37.72943878173828,-4.982357978820801,-4.401165008544922,45.557586669921875,-5.286585330963135,-3.215179443359375,45.40053176879883,-10.18370246887207,-5.156426429748535,36.60788345336914,-8.397566795349121,0.719555675983429,40.904666900634766,-10.508626937866211,-4.63062047958374,36.16433334350586,-7.649857521057129,-0.8693109750747681,42.27226638793945,-5.987667560577393,-2.0583722591400146,44.55363082885742,-4.968193054199219,-3.7335946559906006,45.7047233581543,-9.072308540344238,0.5543186068534851,39.945945739746094,-9.369851112365723,-5.460928916931152,38.13761901855469,-8.139697074890137,-0.29842865467071533,41.56937026977539,-8.472256660461426,-5.72074031829834,39.55260467529297,-10.365402221679688,-2.483930826187134,37.169960021972656,-10.459624290466309,-3.3654189109802246,36.75585174560547,-6.169958114624023,-5.598822593688965,43.5198860168457,-7.775710582733154,-5.325647354125977,41.18730163574219,-6.142343997955322,-3.0092782974243164,44.32277297973633,-9.876872062683105,-0.6307805180549622,38.75992202758789,-5.960568428039551,-4.914011001586914,44.103755950927734,-9.510095596313477,-0.509185791015625,39.520774841308594,-6.606724262237549,-5.840237140655518,42.74796676635742,-7.155097007751465,-5.60805082321167,42.04405975341797,-8.928190231323242,-5.267544269561768,39.24958419799805,-10.413599967956543,-4.288231372833252,36.761375427246094,-6.412273406982422,-2.3916268348693848,44.01299285888672,-5.815778732299805,-3.9141688346862793,44.61140441894531,-9.1245698928833,-0.07706049084663391,40.09956359863281,-10.04220199584961,-1.4134260416030884,38.34351348876953,-9.981095314025879,-4.8692946434021,37.48092269897461,-6.995631694793701,-1.7166944742202759,43.26072692871094,-8.718023300170898,-0.5530840158462524,40.84098815917969,-7.5617289543151855,-1.8263099193572998,42.50375747680664,-6.421321392059326,-4.112122535705566,43.79056167602539,-6.560211658477783,-4.908342361450195,43.34813690185547,-10.156989097595215,-2.6621766090393066,38.01142120361328,-10.244811058044434,-3.381258726119995,37.62096405029297,-6.650847911834717,-2.887037992477417,43.6936149597168,-9.491958618164062,-4.704819679260254,38.60408020019531,-8.430549621582031,-5.021645545959473,40.38132095336914,-7.303067684173584,-4.764768600463867,42.31227111816406,-10.05659294128418,-4.152085304260254,37.847957611083984,-8.419622421264648,-1.3019856214523315,41.355224609375,-8.810453414916992,-1.3759169578552246,40.826087951660156,-9.908262252807617,-1.7742905616760254,38.781314849853516,-9.166666984558105,-1.2055156230926514,40.25383377075195,-7.308030128479004,-2.9701743125915527,42.771263122558594,-7.091430187225342,-4.009256839752197,42.8553581237793,-9.17795181274414,-3.9948766231536865,39.66301345825195,-7.97976016998291,-1.9944804906845093,41.97019958496094,-7.745232105255127,-3.423712730407715,42.0984001159668,-8.185267448425293,-4.434886455535889,41.15690231323242,-9.710358619689941,-3.577843427658081,38.85418701171875,-8.6225004196167,-3.922236919403076,40.671897888183594,-9.476090431213379,-1.8159816265106201,39.7419319152832,-8.066960334777832,-3.8244242668151855,41.54840087890625,-8.34918212890625,-2.5283048152923584,41.46748352050781,-9.600470542907715,-2.63383150100708,39.393760681152344,-9.016682624816895,-2.4944841861724854,40.46802520751953
