1490283848.003754_1970.png,-0.035877525806427,-8.700699806213379,40.84912872314453,-0.36857086420059204,-9.970388412475586,41.31024932861328,-0.6994843482971191,-9.63592529296875,39.719879150390625,0.02929086983203888,-9.015278816223145,41.779544830322266,-0.8142560720443726,-10.58482551574707,40.636497497558594,-1.117871642112732,-11.517552375793457,40.95914840698242,-0.6803841590881348,-11.077044486999512,41.948097229003906,-1.197596549987793,-12.034547805786133,41.6795768737793,-1.1675028800964355,-11.08464241027832,40.24726867675781,-0.2531026601791382,-8.4915771484375,39.85762023925781,-0.2956598997116089,-10.282242774963379,42.4068717956543,-0.5849297642707825,-8.275239944458008,38.928218841552734,-1.4267853498458862,-12.160308837890625,41.17720031738281,-1.5276527404785156,-10.493040084838867,38.9312629699707,0.07601416110992432,-7.7644147872924805,40.31058883666992,-0.06847387552261353,-9.724721908569336,43.17215347290039,-0.8364261388778687,-11.700963020324707,42.76804733276367,-1.1912879943847656,-9.396485328674316,38.59941101074219,-1.9261865615844727,-12.070223808288574,39.76531982421875,-1.6178927421569824,-11.594366073608398,39.84135055541992,-1.7820160388946533,-11.294702529907227,39.191986083984375,0.3936038613319397,-7.38932991027832,41.65314483642578,-0.569128155708313,-11.262613296508789,43.3791389465332,-2.104768753051758,-12.725838661193848,40.286991119384766,0.30263853073120117,-6.680430889129639,40.36417007446289,0.22040677070617676,-8.605144500732422,43.25088119506836,-0.15487486124038696,-7.284364223480225,39.276554107666016,-1.684159755706787,-12.92837142944336,42.226688385009766,-1.888376235961914,-13.120647430419922,41.817138671875,-2.1630704402923584,-13.287128448486328,41.216224670410156,-0.8154126405715942,-7.8570098876953125,38.22980499267578,-1.195039987564087,-12.407247543334961,43.248111724853516,0.4947480261325836,-7.048914432525635,42.54933547973633,-0.34751415252685547,-10.785652160644531,44.023616790771484,-1.8118165731430054,-10.093117713928223,38.219970703125,-1.398292064666748,-8.792569160461426,37.891963958740234,-1.6704283952713013,-12.977287292480469,42.866004943847656,-2.4164586067199707,-12.753985404968262,39.738277435302734,0.1038883626461029,-5.935052394866943,39.00736618041992,-2.3030996322631836,-11.876960754394531,38.9025993347168,-2.5400657653808594,-11.651872634887695,38.3699836730957,0.052549004554748535,-9.15626335144043,43.99919891357422,-1.2914879322052002,-12.66547966003418,44.03903579711914,-0.7554209232330322,-11.787188529968262,44.37685775756836,-0.3924277424812317,-6.171840667724609,38.05649185180664,-2.5452446937561035,-12.55278205871582,39.239532470703125,-1.6319355964660645,-13.096116065979004,43.390785217285156,-2.205662250518799,-13.42867660522461,42.006858825683594,0.6999890208244324,-5.408168792724609,40.827598571777344,0.5421096682548523,-5.149704456329346,39.69553756713867,-2.484074115753174,-13.24077320098877,40.42666244506836,0.3985322415828705,-7.239782810211182,43.09610366821289,-1.5672897100448608,-7.843490123748779,37.20729446411133,-0.11670446395874023,-9.842381477355957,44.44753646850586,-0.45804738998413086,-10.95166301727295,44.719268798828125,0.31209322810173035,-4.875609874725342,38.66324996948242,-2.359506845474243,-10.58545970916748,37.87550354003906,0.6699487566947937,-5.916141033172607,42.10138702392578,-0.9918094873428345,-7.212235927581787,37.65974426269531,-1.9790338277816772,-13.420731544494629,42.58327865600586,-2.0591928958892822,-9.219836235046387,37.34869384765625,-2.9665029048919678,-13.991750717163086,40.825374603271484,-2.6964595317840576,-13.419243812561035,40.09092712402344,-0.14362789690494537,-4.934428691864014,37.67317199707031,-1.2150037288665771,-12.659396171569824,44.910736083984375,-0.598482608795166,-11.427779197692871,45.29030227661133,-2.4009528160095215,-13.70516300201416,41.961639404296875,-0.8417210578918457,-5.811704635620117,37.106292724609375,0.9451966881752014,-4.676475524902344,41.98640823364258,0.956336498260498,-4.127179145812988,40.432899475097656,0.7279168367385864,-3.5885748863220215,38.824798583984375,0.24813994765281677,-3.8934574127197266,37.80297088623047,-3.039992332458496,-13.195538520812988,39.168521881103516,-3.092895746231079,-12.649980545043945,38.59303665161133,-2.455047130584717,-9.781965255737305,37.257057189941406,-1.2082431316375732,-12.811580657958984,45.590877532958984,-2.9706692695617676,-13.807589530944824,40.35194778442383,1.0650267601013184,-2.8106770515441895,39.41232681274414,-1.8267030715942383,-13.392334938049316,44.26032638549805,-1.4239414930343628,-6.714360237121582,36.87619400024414,-2.245248556137085,-13.688323974609375,43.290382385253906,-2.544307231903076,-13.944003105163574,42.960269927978516,-0.2939908504486084,-10.102911949157715,45.298011779785156,-2.9397072792053223,-14.169684410095215,42.42375183105469,-3.54758882522583,-13.42797565460205,38.58662033081055,-3.471135377883911,-14.014235496520996,39.350425720214844,1.1930385828018188,-3.211900234222412,40.825439453125,0.3082178831100464,-7.693207263946533,43.7454948425293,-0.7042882442474365,-11.415282249450684,45.92643356323242,0.3623838424682617,-2.42862868309021,37.263771057128906,-2.4218201637268066,-8.197064399719238,36.559791564941406,-3.560347318649292,-12.70034408569336,38.03215789794922,-3.0024056434631348,-11.556222915649414,37.7845344543457,-3.492534637451172,-14.209991455078125,39.92451477050781,0.5956271886825562,-6.1155009269714355,43.24635696411133,-3.022886276245117,-14.151296615600586,41.199119567871094,-0.4442375600337982,-4.126526355743408,36.71406555175781,1.1618001461029053,-1.7734071016311646,38.99003219604492,0.6236283779144287,-5.184792995452881,43.37222671508789,1.1386363506317139,-3.551114320755005,42.071922302246094,-0.010913491249084473,-8.28184700012207,44.837730407714844,0.7577646970748901,-2.114633083343506,37.93233871459961,-1.1768438816070557,-12.762040138244629,46.239295959472656,-0.5598914623260498,-10.187628746032715,46.090110778808594,-1.8487424850463867,-13.481022834777832,45.44723129272461,-3.713017463684082,-13.929153442382812,38.83665084838867,1.3210008144378662,-2.1137747764587402,40.214820861816406,-0.074815534055233,-2.8615903854370117,36.73419189453125,-0.2852318286895752,-9.152880668640137,45.501373291015625,-1.57503342628479,-13.04687213897705,45.80970764160156,-2.3649120330810547,-13.787919998168945,44.55089569091797,-3.285242795944214,-10.37194538116455,36.93545150756836,-1.1603389978408813,-5.3414506912231445,36.43866729736328,-0.9841370582580566,-11.98678970336914,46.53936767578125,-2.804823875427246,-14.042854309082031,43.790348052978516,-2.054983615875244,-6.888274669647217,36.41801834106445,-2.806114912033081,-8.922659873962402,36.62721633911133,0.6434983015060425,-1.0443936586380005,37.150325775146484,0.20433920621871948,-7.101307392120361,44.306190490722656,1.2453653812408447,-0.4339016079902649,38.42840576171875,-3.6924028396606445,-14.53002643585205,40.39070510864258,-3.840360641479492,-14.265758514404297,39.25769805908203,-4.198018550872803,-14.469982147216797,38.87136459350586,0.8486689329147339,-4.172159194946289,43.106231689453125,-3.325561046600342,-14.334756851196289,42.95344543457031,-3.836651086807251,-14.567056655883789,40.95917892456055,-3.885622262954712,-12.346495628356934,37.51055145263672,-3.564596176147461,-11.173484802246094,37.15134048461914,1.2682081460952759,-2.557176113128662,41.85496139526367,1.4807994365692139,-0.4822368025779724,39.773406982421875,0.019154369831085205,-7.254871845245361,44.820369720458984,0.13787519931793213,-6.2344279289245605,44.433128356933594,-3.6145107746124268,-14.449560165405273,41.802581787109375,-4.1987128257751465,-14.789566993713379,39.56788635253906,-4.357854843139648,-13.833403587341309,37.970706939697266,-0.7030962705612183,-3.123654842376709,35.95176696777344,-0.8726785778999329,-4.013934135437012,36.119869232177734,-1.7093632221221924,-13.168071746826172,46.405269622802734,-1.8294270038604736,-5.858991622924805,36.14311218261719,1.428519606590271,-1.4991105794906616,40.90107727050781,1.1350492238998413,0.2600240707397461,37.746498107910156,-1.3331737518310547,-12.838685989379883,46.79706573486328,-2.324129819869995,-13.746441841125488,45.518741607666016,-1.7775877714157104,-5.022988319396973,35.748008728027344,-3.3479316234588623,-9.684710502624512,36.60379409790039,0.43653592467308044,-5.9491047859191895,43.84945297241211,-0.8960921764373779,-10.470455169677734,46.9295654296875,-4.529904365539551,-14.539328575134277,38.36183547973633,-0.044932037591934204,-1.6328270435333252,36.233245849609375,-4.403711318969727,-14.942200660705566,40.62446212768555,-4.669811248779297,-14.963604927062988,38.76406478881836,-4.362779140472412,-13.213980674743652,37.62858581542969,-1.3303477764129639,-12.561870574951172,47.56603240966797,1.5121643543243408,-0.4066569209098816,40.83347702026367,1.503427505493164,0.5438963174819946,39.0443229675293,-0.1267322301864624,-7.7533416748046875,45.17558288574219,-2.6864752769470215,-7.274662017822266,36.0522575378418,-1.6455276012420654,-3.9665935039520264,35.390846252441406,-2.86592435836792,-14.024937629699707,44.52128219604492,1.0564106702804565,-2.9802043437957764,42.814117431640625,-4.170377254486084,-10.981918334960938,36.759273529052734,-4.113150119781494,-14.585855484008789,42.35457229614258,-3.7710390090942383,-10.530535697937012,36.77471160888672,-1.091007947921753,-11.521902084350586,47.296653747558594,-0.34345781803131104,-8.017155647277832,45.60542297363281,1.2657119035720825,-1.3821752071380615,42.426143646240234,-2.373730421066284,-13.709802627563477,46.0533561706543,-2.0433475971221924,-13.363513946533203,47.64894104003906,-1.2834727764129639,-11.9717435836792,47.72097396850586,-1.9230806827545166,-13.385876655578613,46.68745040893555,-4.744257926940918,-15.206215858459473,39.819400787353516,0.4763053059577942,0.5107143521308899,36.202232360839844,-0.759825587272644,-2.1239542961120605,35.496158599853516,1.573081612586975,1.2667391300201416,38.76922607421875,0.2474946826696396,-5.240365505218506,44.31089401245117,-4.427245616912842,-14.81890869140625,41.382484436035156,-0.2641330361366272,-0.11979420483112335,35.27488708496094,-5.100423336029053,-14.331552505493164,37.733177185058594,-4.965991020202637,-14.966288566589355,38.233924865722656,-4.60059928894043,-12.20595645904541,36.98710250854492,-4.354658126831055,-11.594730377197266,36.92277145385742,1.3623191118240356,-0.8991639614105225,42.10039520263672,1.4614248275756836,-0.2869808077812195,41.555362701416016,-1.7134895324707031,-13.122928619384766,47.9251594543457,-3.4481401443481445,-14.117392539978027,44.31022644042969,-3.597834825515747,-14.31050968170166,43.659420013427734,-0.46349525451660156,-8.756354331970215,45.99274444580078,-4.8624267578125,-13.782624244689941,37.626983642578125,-2.4656248092651367,-13.660640716552734,46.78641128540039,-3.0794143676757812,-14.017987251281738,45.17145919799805,1.689524531364441,1.0049853324890137,40.527286529541016,1.1282408237457275,1.7768346071243286,37.30425262451172,-1.2948822975158691,-2.9561121463775635,35.26224899291992,-0.9576928615570068,-9.720072746276855,46.69252014160156,-2.2755300998687744,-13.46778678894043,47.33729934692383,-5.637544631958008,-15.685173988342285,38.40211486816406,-1.340005874633789,-2.349525213241577,34.984859466552734,0.7778799533843994,-3.26954984664917,43.45720291137695,0.955197274684906,-2.285381317138672,43.17283630371094,-4.591353893280029,-14.58983325958252,41.95566177368164,-0.9970922470092773,-0.8683435916900635,34.69352340698242,-5.421525955200195,-15.589717864990234,39.29784393310547,-0.8010571002960205,-9.135757446289062,46.566043853759766,-2.3181209564208984,-5.697759628295898,35.772891998291016,1.6696685552597046,2.6727848052978516,38.72920227050781,0.3970082700252533,-4.391663074493408,44.11984634399414,-2.9704885482788086,-6.276882171630859,35.67471694946289,-1.3833374977111816,-12.304567337036133,48.23692321777344,-0.1635347604751587,-6.752242088317871,45.1860466003418,-5.130561351776123,-15.240592002868652,40.734458923339844,-5.374819755554199,-15.284669876098633,38.23881912231445,-5.672451972961426,-15.164081573486328,37.73723602294922,-5.142885684967041,-14.727259635925293,37.77489471435547,-4.239028453826904,-9.14094066619873,36.11333084106445,-1.664674997329712,-12.757038116455078,48.63121795654297,1.820342779159546,2.0406851768493652,39.791587829589844,-3.171065092086792,-13.956870079040527,45.85176086425781,-5.108983993530273,-13.002599716186523,37.15895462036133,-3.6946263313293457,-8.642586708068848,36.129730224609375,-3.4744153022766113,-7.401244163513184,35.72956848144531,-2.275503635406494,-4.489826202392578,35.23155975341797,-4.151827335357666,-14.468857765197754,43.15145492553711,-0.13882148265838623,0.8894253969192505,35.08804702758789,-2.129246711730957,-13.346966743469238,48.481117248535156,-1.215663194656372,-10.737319946289062,47.659088134765625,1.5337361097335815,0.8536707162857056,41.910892486572266,-0.6642780303955078,-8.125014305114746,46.24644470214844,-5.342711448669434,-13.54919147491455,37.215187072753906,0.24647623300552368,1.9442604780197144,35.52338790893555,0.543249785900116,-3.1547060012817383,43.929161071777344,1.0175988674163818,-1.2391202449798584,43.15837097167969,-1.9835439920425415,-2.8707470893859863,34.74287796020508,-4.542692184448242,-9.970916748046875,36.32114028930664,-3.1900033950805664,-13.829351425170898,46.831886291503906,-1.587624430656433,-1.5997577905654907,34.439762115478516,-1.587050199508667,-11.384753227233887,48.21993637084961,-3.5279428958892822,-14.083888053894043,44.891780853271484,-5.83155632019043,-14.284109115600586,37.32565689086914,-4.840583324432373,-11.105628967285156,36.65489196777344,0.9057319164276123,2.501056432723999,36.87714767456055,-0.3063790202140808,-6.023087024688721,45.270877838134766,0.6186225414276123,-1.7748193740844727,43.741111755371094,-1.1872265338897705,-9.968012809753418,47.27039337158203,2.0157477855682373,3.048724889755249,40.18893814086914,-2.8123908042907715,-5.232162952423096,35.310081481933594,-0.1077248752117157,-5.057250022888184,44.78471374511719,1.250531792640686,0.051917314529418945,42.65888977050781,-1.6109209060668945,-12.282503128051758,48.900333404541016,-6.208333969116211,-15.752471923828125,37.7192268371582,-2.5242092609405518,-3.193720817565918,34.61544418334961,1.7561025619506836,2.0591628551483154,41.23092269897461,-2.4665887355804443,-13.427584648132324,48.05388641357422,1.2697011232376099,3.5180599689483643,38.04913330078125,-6.2408576011657715,-16.015321731567383,38.98935317993164,1.852081060409546,2.9715757369995117,41.31732940673828,-0.5140711069107056,-6.9719414710998535,45.729373931884766,-1.0245299339294434,-0.002205789089202881,34.29445266723633,-2.565117359161377,-3.690781354904175,34.84275436401367,-5.795774459838867,-15.675827980041504,39.9763069152832,-4.618941783905029,-14.556020736694336,42.609474182128906,-5.345746994018555,-11.528903007507324,36.66066360473633,-4.110601902008057,-7.79676628112793,35.71693420410156,-4.919616222381592,-14.75110149383545,41.804588317871094,-1.057736873626709,-8.903046607971191,46.87847900390625,1.8572218418121338,4.038506031036377,39.5478401184082,-0.4029088020324707,1.8244785070419312,34.458126068115234,0.5152998566627502,3.2184090614318848,36.40474319458008,-5.817516326904297,-12.633774757385254,36.827598571777344,-1.1429941654205322,0.812501072883606,33.8211669921875,1.1471302509307861,-0.4500178098678589,42.9271240234375,-1.6121799945831299,-9.917308807373047,47.89006423950195,-6.310491561889648,-15.25936222076416,37.589317321777344,-0.06311434507369995,-4.226930141448975,44.81081008911133,-1.4813942909240723,-9.445649147033691,47.19279479980469,-6.578858375549316,-14.763094902038574,37.27680587768555,-5.108656883239746,-10.563652992248535,36.447654724121094,0.18642312288284302,-3.3065078258514404,44.44038391113281,-2.2201757431030273,-1.8924479484558105,34.15073013305664,-6.280743598937988,-13.744404792785645,37.067604064941406,-6.587824821472168,-15.87582778930664,37.558528900146484,-5.8001532554626465,-12.055130004882812,36.83504867553711,-5.176214218139648,-14.518966674804688,42.39605712890625,-5.40660285949707,-14.967411994934082,41.63258743286133,-3.509500503540039,-13.99502182006836,46.11002731323242,-4.5875396728515625,-14.383943557739258,43.5792121887207,-3.717759132385254,-6.295211315155029,35.37868881225586,-2.147392511367798,-12.914484977722168,49.64167785644531,-6.610682487487793,-16.27008628845215,38.49668502807617,-1.5854675769805908,-10.802129745483398,48.2207145690918,2.080941915512085,3.909471273422241,40.81480407714844,2.040091037750244,4.43302583694458,40.315425872802734,-2.2505104541778564,-13.5232572555542,48.729610443115234,-1.960517168045044,-11.037393569946289,48.803279876708984,0.14722001552581787,2.893537998199463,35.48545837402344,0.4592795670032501,-2.0727663040161133,44.08634948730469,1.5406370162963867,1.9032959938049316,42.05788040161133,-1.0008654594421387,-7.712627410888672,46.55598449707031,-4.847502708435059,-8.25899600982666,35.79183578491211,1.3284870386123657,4.198503017425537,38.66703796386719,-2.2113163471221924,-13.339737892150879,49.378971099853516,-2.71346116065979,-13.595751762390137,49.06074142456055,-4.906342506408691,-14.478046417236328,43.093238830566406,-4.005148887634277,-14.029800415039062,45.55543518066406,-5.851683616638184,-15.424271583557129,40.65791320800781,-6.88775634765625,-16.455780029296875,38.0816650390625,-3.770045518875122,-5.366611480712891,35.13369369506836,-3.16605806350708,-4.445913791656494,34.907474517822266,-2.259169578552246,-0.4797583222389221,33.46794128417969,-3.1708309650421143,-13.631644248962402,47.742454528808594,-2.0164642333984375,-11.861982345581055,49.2527961730957,-1.805928349494934,0.04654991626739502,33.543243408203125,-1.9395263195037842,-12.159168243408203,49.19596862792969,-6.651054382324219,-16.015670776367188,39.55517578125,-1.2026525735855103,-8.632979393005371,46.88637924194336,-0.6601847410202026,-5.484711170196533,45.640525817871094,-4.152798175811768,-14.158770561218262,44.94919204711914,0.502509355545044,4.001044273376465,36.955413818359375,-4.619356632232666,-14.230023384094238,43.94942855834961,-6.315634727478027,-15.625667572021484,40.31222152709961,0.8506860733032227,-0.3017529845237732,43.519412994384766,1.7203891277313232,3.267334461212158,41.86817932128906,-5.753348350524902,-15.194869995117188,41.112037658691406,0.5360234975814819,-0.8585450649261475,43.90788269042969,1.2236855030059814,0.899135410785675,42.76279067993164,-4.44350004196167,-14.0295991897583,44.680965423583984,-0.9000661969184875,-6.647824764251709,46.055843353271484,-0.8813939690589905,-5.788442611694336,46.0064697265625,-0.5262472629547119,3.0386674404144287,34.36672592163086,-2.930952787399292,-13.413492202758789,48.38396072387695,-0.5551808476448059,-4.828559875488281,45.27519226074219,-5.142648220062256,-8.956262588500977,35.98267364501953,-2.4366931915283203,-13.18166732788086,50.227447509765625,0.09517765045166016,-2.1560235023498535,44.48851013183594,-3.636176347732544,-13.772786140441895,46.906803131103516,2.116640090942383,4.827110290527344,41.10023498535156,-2.1698484420776367,-12.49409008026123,50.02256393432617,-1.8401669263839722,-10.559720039367676,48.492645263671875,-2.839195966720581,-1.1960662603378296,33.59062957763672,-1.3698041439056396,-8.348997116088867,47.22206497192383,-5.96027135848999,-11.537761688232422,36.671607971191406,-4.327467918395996,-6.736660480499268,35.32469940185547,-0.9040697813034058,2.0661773681640625,33.75605392456055,-6.852962017059326,-16.120283126831055,39.097652435302734,0.0535428524017334,-2.569624423980713,44.57955551147461,-2.897657632827759,-2.2888944149017334,34.06428146362305,-3.913184881210327,-13.795928955078125,46.3632698059082,-1.8811187744140625,-9.096405029296875,47.55397033691406,-7.199850082397461,-15.864663124084473,37.27401351928711,-0.15268969535827637,-3.279768228530884,44.77876281738281,-7.505185604095459,-15.141997337341309,37.517662048339844,-1.5716079473495483,1.9894285202026367,32.99606704711914,-1.866969347000122,1.0270673036575317,33.14090347290039,0.5774226784706116,4.671545028686523,37.68510055541992,-0.4211578965187073,-4.136402130126953,45.15517807006836,-5.40989351272583,-14.674074172973633,42.13277053833008,-5.375814437866211,-14.370329856872559,42.35348892211914,-3.387056350708008,-2.9923043251037598,34.23200607299805,1.59513258934021,4.973990440368652,39.61167907714844,-0.0833972692489624,3.709810495376587,35.66614532470703,0.7300010919570923,4.860587120056152,38.337284088134766,-6.526103973388672,-12.517684936523438,36.839202880859375,-5.676345348358154,-10.16740608215332,36.40216064453125,0.727359414100647,0.6256877779960632,43.587284088134766,-3.9825973510742188,-13.89497184753418,45.86599349975586,-7.474481582641602,-16.655672073364258,38.29269027709961,-6.67765474319458,-15.755355834960938,39.82826614379883,1.7997002601623535,4.527165412902832,41.83287048339844,-7.56027889251709,-16.647762298583984,37.42467498779297,-3.5071585178375244,-13.384865760803223,48.21050262451172,0.21361103653907776,3.6825833320617676,36.37464904785156,-2.5718276500701904,-12.796147346496582,49.669586181640625,-7.21754264831543,-14.41758918762207,37.20021438598633,-1.0543102025985718,3.008167028427124,33.77460861206055,-1.3693939447402954,-7.102071762084961,46.724727630615234,0.8501207828521729,1.4090155363082886,43.385223388671875,1.1897486448287964,2.0339698791503906,42.792171478271484,-4.715727806091309,-7.138510227203369,35.498809814453125,-2.6208674907684326,-12.323271751403809,49.76293182373047,0.10756504535675049,-1.3517500162124634,44.298439025878906,-3.217142105102539,-13.112167358398438,49.18062973022461,-3.6991724967956543,-3.443199396133423,34.48134994506836,-3.583892345428467,-13.567442893981934,47.62133026123047,1.999283790588379,5.610849380493164,40.8765869140625,-5.959208011627197,-15.03236198425293,41.22248458862305,-5.073038578033447,-7.647531509399414,35.643218994140625,-5.31008768081665,-14.355504989624023,42.850650787353516,-7.131688117980957,-16.31820297241211,38.79784393310547,-5.655646800994873,-14.687675476074219,41.85176086425781,2.0300416946411133,5.615116119384766,41.76696014404297,-4.848130702972412,-14.046934127807617,44.239356994628906,-6.5853376388549805,-11.521793365478516,36.797882080078125,-1.464464545249939,2.6161367893218994,33.10576629638672,-5.168823719024658,-14.25870132446289,43.51581954956055,-3.821197509765625,-3.9689583778381348,34.62946701049805,-4.616485595703125,-13.797476768493652,45.34748077392578,1.384047031402588,2.9394407272338867,42.552642822265625,1.7687597274780273,5.6186203956604,40.344512939453125,-4.355306625366211,-5.922507286071777,35.1703987121582,-3.950777053833008,-4.772091388702393,35.003597259521484,-6.553366661071777,-15.469781875610352,40.13516616821289,-0.6304991245269775,4.071132183074951,35.2165412902832,-2.5784640312194824,0.4135580062866211,33.00408935546875,-2.4520277976989746,-10.97238826751709,49.075157165527344,-7.973398208618164,-16.87742805480957,37.534427642822266,-7.004598140716553,-12.956512451171875,36.939964294433594,-7.079837322235107,-13.678903579711914,37.05514144897461,-2.9875638484954834,-12.756817817687988,49.53044891357422,-7.791154384613037,-16.12082290649414,37.22089385986328,-1.4077974557876587,-6.236669063568115,46.37485885620117,-0.9549612998962402,-4.521966934204102,45.640995025634766,-2.21582293510437,1.691260576248169,32.67285919189453,-0.40118908882141113,-2.6948659420013428,44.96864318847656,-2.3270177841186523,-10.355283737182617,48.61864471435547,-4.172023773193359,-13.70343017578125,46.74924087524414,2.028420925140381,6.176019668579102,41.572265625,-3.4822452068328857,-13.125693321228027,48.847511291503906,-4.469922065734863,-13.717900276184082,46.06206130981445,-4.833206653594971,-13.864867210388184,44.83491134643555,-2.1160569190979004,-8.699411392211914,47.62411880493164,-0.5343195796012878,-3.4253180027008057,45.1057243347168,-6.070502281188965,-14.762514114379883,41.70232009887695,-5.788834095001221,-14.57320499420166,42.156463623046875,-7.447615623474121,-15.85899543762207,39.13581848144531,-6.427273750305176,-15.315387725830078,40.78017044067383,-0.2586897611618042,4.607575416564941,36.64067077636719,0.8276829719543457,2.180995464324951,43.27413558959961,-6.002448558807373,-9.372137069702148,36.34308624267578,0.7663751840591431,5.636810302734375,39.02344512939453,-0.8380516767501831,3.508664131164551,34.26541519165039,-3.87686824798584,-1.6942477226257324,33.62940216064453,-6.539734840393066,-15.03906536102295,41.105804443359375,-7.286840438842773,-15.889604568481445,39.52620315551758,-1.9205832481384277,-7.789468765258789,47.27019119262695,-5.552450180053711,-14.173810958862305,43.303436279296875,-0.32649677991867065,-1.9078742265701294,44.82232666015625,-7.01680326461792,-15.443493843078613,40.239112854003906,-6.777735710144043,-15.273669242858887,40.597434997558594,-2.881469964981079,-12.22311782836914,49.64841079711914,-7.947883605957031,-15.657455444335938,37.49061584472656,-4.704570293426514,-4.275475025177002,34.85598373413086,-5.986456394195557,-14.16204833984375,42.68028259277344,-4.661301612854004,-5.243661403656006,34.98585510253906,0.21513569355010986,-0.39277660846710205,44.21799087524414,1.4281761646270752,4.293104648590088,42.412471771240234,-6.577805519104004,-14.762299537658691,41.44050216674805,-4.171778678894043,-13.377638816833496,47.429080963134766,-6.433568000793457,-10.773661613464355,36.664085388183594,-0.705122709274292,-3.27364182472229,45.306365966796875,0.4173508882522583,1.3990718126296997,43.812191009521484,-5.205197811126709,-13.77588939666748,44.6627311706543,-1.0431526899337769,-3.979267120361328,45.621578216552734,0.04107433557510376,4.8093037605285645,37.14162826538086,-7.812149524688721,-15.920562744140625,37.80187225341797,-6.765109062194824,-12.124228477478027,37.050071716308594,-5.873528957366943,-8.054230690002441,35.94367599487305,-7.2225341796875,-15.571213722229004,39.77075958251953,0.9380300045013428,3.1545491218566895,43.178977966308594,-7.682770252227783,-16.11161994934082,38.361385345458984,1.150977611541748,3.9231133460998535,42.84567642211914,-4.970236301422119,-13.837830543518066,44.11161422729492,-1.7152016162872314,-6.308845043182373,46.64297866821289,-2.7140555381774902,1.0489517450332642,32.675289154052734,-1.5676803588867188,3.401388168334961,33.3096923828125,-4.193051338195801,-12.890067100524902,47.899417877197266,-3.218393325805664,0.12406140565872192,32.935054779052734,-2.115907669067383,2.919066905975342,32.301937103271484,-2.6489436626434326,-9.49128246307373,48.20325469970703,-5.393530368804932,-13.863473892211914,44.281333923339844,0.047204017639160156,0.2783936858177185,44.2352409362793,1.350959300994873,6.301856994628906,40.17636489868164,-7.841371536254883,-16.013137817382812,38.53823471069336,1.6553122997283936,5.861821174621582,42.224857330322266,-2.422083854675293,2.3856871128082275,32.25275802612305,-1.9290249347686768,3.225991725921631,32.61170196533203,-3.9515774250030518,-12.961236000061035,48.30455017089844,-1.4462080001831055,-5.355201244354248,46.29823684692383,-5.23166561126709,-6.764695167541504,35.45294952392578,-3.0957705974578857,-11.745084762573242,49.35587692260742,-2.2692973613739014,-6.914488315582275,47.041259765625,-6.123239994049072,-9.904261589050293,36.409854888916016,-5.7197794914245605,-14.022919654846191,43.654571533203125,-5.09849214553833,-5.769905090332031,35.12550735473633,-3.543893814086914,-12.550765037536621,49.13561248779297,-1.3388780355453491,-4.559895038604736,45.96522903442383,-0.017753005027770996,5.229145050048828,37.64073944091797,-0.32153356075286865,-0.9871745109558105,44.589717864990234,0.7218875885009766,6.4191131591796875,39.77394104003906,-4.4382405281066895,-2.682328939437866,34.09545135498047,-6.154078483581543,-14.324049949645996,42.198036193847656,-2.977740526199341,-10.668905258178711,48.83329391479492,1.2664408683776855,4.870580196380615,42.62371826171875,-7.957672119140625,-14.44432544708252,37.56666946411133,1.4657387733459473,6.388429164886475,40.61341857910156,-4.725207328796387,-13.407783508300781,46.75141906738281,-4.9965620040893555,-13.284734725952148,45.71086502075195,-5.264654159545898,-13.365150451660156,45.40652084350586,1.8809220790863037,6.992720127105713,42.2628059387207,-6.061987400054932,-8.672327995300293,36.14608383178711,-1.0153329372406006,4.481389045715332,35.21163558959961,-1.05392587184906,4.791280746459961,35.892974853515625,-1.3243134021759033,4.23504114151001,34.78744125366211,0.5060501098632812,2.621370553970337,43.575035095214844,-1.4786508083343506,4.274350166320801,34.249107360839844,-7.6355695724487305,-13.45954704284668,37.31036376953125,-2.8910224437713623,-8.077520370483398,47.48041534423828,0.39271533489227295,1.9937596321105957,43.743919372558594,-7.944499492645264,-15.472737312316895,39.13212966918945,-6.716233253479004,-14.450672149658203,41.74789047241211,-4.204709053039551,-2.213571071624756,33.8698844909668,-3.762769937515259,-0.40863871574401855,33.16408920288086,-1.0713618993759155,-3.092146873474121,45.43054962158203,1.4360454082489014,6.535769939422607,41.207977294921875,-6.5407328605651855,-13.834680557250977,42.91350555419922,-8.195364952087402,-15.454863548278809,38.17557144165039,-2.8644208908081055,-8.743117332458496,47.72673797607422,-0.8686075806617737,-1.6198911666870117,45.047325134277344,-3.9279940128326416,-12.359750747680664,48.7457275390625,-4.707561492919922,-12.670856475830078,47.40129470825195,-6.6393890380859375,-13.80252742767334,42.4163703918457,-2.1505534648895264,4.340477466583252,33.23879623413086,0.05370903015136719,5.721889019012451,38.4545783996582,-3.788788318634033,-11.650430679321289,48.93965530395508,-2.8120617866516113,3.648770570755005,31.655364990234375,-0.31284773349761963,1.0869609117507935,44.267616271972656,-1.781290054321289,-4.313346862792969,46.0820198059082,-7.619129180908203,-14.752541542053223,40.31836700439453,-4.899148941040039,-3.316464424133301,34.493438720703125,-2.6382811069488525,4.3274641036987305,32.5397834777832,-0.7907291054725647,5.399964809417725,37.207584381103516,-2.323263168334961,-5.766685485839844,46.69137954711914,-8.328310012817383,-15.000648498535156,37.915077209472656,-5.680575370788574,-13.41948127746582,44.804229736328125,-6.246496200561523,-13.570626258850098,43.62055206298828,-2.879216194152832,-7.487549781799316,47.18674087524414,-3.528663158416748,2.062828779220581,32.060672760009766,-2.8967959880828857,3.016761302947998,31.787322998046875,-6.811420440673828,-14.037968635559082,42.138450622558594,-7.28471565246582,-11.868293762207031,37.27296447753906,-3.6861956119537354,0.9478540420532227,32.50164794921875,-1.5188578367233276,-3.42376708984375,45.73832321166992,0.4551548957824707,3.5410897731781006,43.43431091308594,1.3081367015838623,6.965584754943848,41.69732666015625,-0.4892460107803345,5.523852348327637,37.98675537109375,-5.610210418701172,-12.680941581726074,45.68395233154297,0.8770396709442139,4.540272235870361,43.02873611450195,-6.782599449157715,-10.096748352050781,36.71839141845703,-2.7749452590942383,-6.579743385314941,46.91889953613281,-5.99173641204834,-7.477502822875977,35.90318298339844,-1.3273425102233887,-2.6029324531555176,45.43284225463867,-0.34221839904785156,1.7160494327545166,44.11528778076172,-3.6685519218444824,-9.919127464294434,48.24592971801758,-7.039231300354004,-10.800829887390137,36.97189712524414,-0.7102001905441284,5.0778937339782715,36.5805778503418,-5.220699787139893,-12.892355918884277,46.43278121948242,-1.5595329999923706,5.060588836669922,35.68320846557617,-0.671899139881134,-0.28879958391189575,44.652610778808594,-3.8789713382720947,0.22859960794448853,32.84462356567383,1.1296513080596924,5.7162299156188965,42.72212600708008,0.3292968273162842,6.162895202636719,39.14702224731445,-7.336297988891602,-14.048648834228516,41.51378631591797,-8.074027061462402,-13.068523406982422,37.82957077026367,-7.782727241516113,-11.924570083618164,37.58527374267578,-3.2809324264526367,-9.054315567016602,47.953460693359375,-1.5884729623794556,4.665923595428467,35.24034881591797,1.4008758068084717,6.659806251525879,42.43160629272461,2.344043254852295,8.140290260314941,42.04697036743164,2.113266944885254,7.966559410095215,42.317684173583984,1.5489041805267334,7.511758804321289,42.35016632080078,-2.8898677825927734,4.4972615242004395,32.254024505615234,1.2765944004058838,7.139622688293457,40.884159088134766,-5.754016399383545,-5.097846984863281,35.255043029785156,1.717271327972412,7.412845611572266,41.97248840332031,-3.207674503326416,2.498152494430542,32.01946258544922,1.3571550846099854,7.718046188354492,41.5804443359375,1.74167799949646,8.067790985107422,41.71479034423828,-4.355411052703857,-11.719700813293457,48.33185577392578,-8.397472381591797,-14.842012405395508,38.39389419555664,-6.681994915008545,-9.008476257324219,36.576690673828125,-4.323202133178711,-11.05864143371582,48.30792236328125,-4.065395355224609,-10.431650161743164,48.28799819946289,-5.924088954925537,-6.64628267288208,35.7621955871582,-0.5457299947738647,6.168655872344971,38.55550003051758,-4.416962623596191,-0.7485495805740356,33.37541198730469,-1.9501060247421265,4.661068439483643,34.12588882446289,-8.171782493591309,-14.601515769958496,39.472347259521484,0.5104973316192627,7.067854881286621,40.49625015258789,-5.059924602508545,-1.8803002834320068,33.97297286987305,0.14767813682556152,3.977163553237915,43.48587417602539,0.5398573875427246,5.167449951171875,43.12250900268555,-1.2321827411651611,-0.08334966003894806,44.737056732177734,-1.7715710401535034,4.731696128845215,34.73892593383789,-3.89732027053833,-8.849137306213379,47.705055236816406,-7.565700531005859,-10.568563461303711,37.36827850341797,-6.6192426681518555,-8.049903869628906,36.4028205871582,-5.553110599517822,-3.8956782817840576,34.980918884277344,-1.534986972808838,5.260509014129639,36.15007400512695,-2.4904944896698,4.730489253997803,33.35104751586914,-6.0928120613098145,-5.998961925506592,35.62411117553711,-5.385363578796387,-11.488119125366211,47.1230583190918,-6.156376361846924,-12.499321937561035,45.20601272583008,-6.487107753753662,-13.028364181518555,44.03120422363281,-3.514392137527466,3.2657241821289062,31.71149253845215,-1.763547420501709,-1.9397616386413574,45.37196350097656,-0.27141034603118896,2.762784719467163,43.87662887573242,1.0200934410095215,7.445406913757324,40.94948196411133,1.45863676071167,7.834968090057373,42.10555648803711,-8.335068702697754,-13.66654109954834,38.4473876953125,0.460390567779541,5.655654430389404,43.11551284790039,-0.25690674781799316,6.475349426269531,39.1829719543457,-6.984988212585449,-13.090645790100098,43.323936462402344,-3.4324347972869873,4.130544185638428,31.319835662841797,-2.61287784576416,-3.9897704124450684,46.124671936035156,-2.9098401069641113,-5.544972896575928,46.622955322265625,-1.9934070110321045,-2.8973424434661865,45.679264068603516,-7.31798791885376,-10.0260591506958,37.07699203491211,-8.449650764465332,-13.90141773223877,39.09639358520508,0.040668487548828125,4.69124698638916,43.35128402709961,0.7393651008605957,6.233074188232422,42.90380096435547,0.09972310066223145,6.748384475708008,39.72355651855469,-5.431273460388184,-11.88745403289795,46.63436508178711,-6.512717247009277,-6.751967430114746,36.109153747558594,0.6570353507995605,6.548561096191406,42.62812805175781,-2.239713668823242,4.678862571716309,34.08971405029297,-7.838706970214844,-13.645559310913086,41.0418586730957,-1.4259669780731201,5.639214515686035,37.056541442871094,-4.334401607513428,1.3116310834884644,32.4438591003418,-3.8062562942504883,-7.509765148162842,47.05615997314453,-4.745253562927246,-11.215851783752441,47.881103515625,-7.118404865264893,-13.15307331085205,42.84153747558594,-7.103496074676514,-9.14332389831543,36.85986328125,-4.892813682556152,-0.21113073825836182,33.35417175292969,-4.043433666229248,3.2171201705932617,31.538257598876953,-7.795516014099121,-11.076010704040527,37.712059020996094,-5.274384498596191,-2.453054904937744,34.3281364440918,-4.998041152954102,-11.489574432373047,47.47940444946289,-2.0628020763397217,-1.1747992038726807,45.10242462158203,-1.122606873512268,1.4501526355743408,44.31996154785156,0.9853193759918213,7.555326461791992,42.17072296142578,-2.1836788654327393,5.040438652038574,34.87802505493164,-2.367335796356201,4.952176570892334,34.311275482177734,-8.145627975463867,-13.268815040588379,40.569419860839844,-6.546818256378174,-6.085146427154541,36.07270431518555,-7.4384026527404785,-13.138291358947754,42.41754913330078,-5.7239580154418945,-2.8456263542175293,34.66733932495117,0.6667344570159912,7.544476509094238,41.867305755615234,-0.042070865631103516,5.159241199493408,43.225059509277344,0.3447864055633545,7.306667327880859,41.12855529785156,-1.0144953727722168,5.879645347595215,38.211334228515625,-3.675220012664795,4.490044593811035,31.680831909179688,-0.6735305786132812,3.825739622116089,43.61122131347656,-0.6782181262969971,3.1924664974212646,43.7986946105957,-8.091652870178223,-11.679798126220703,37.93941116333008,-3.1360878944396973,4.94651985168457,33.114341735839844,-8.357583999633789,-12.437957763671875,38.46013259887695,-7.183661460876465,-8.15906810760498,36.97467041015625,-4.775990962982178,-10.271527290344238,47.67747497558594,-8.435113906860352,-13.11050033569336,39.78260040283203,-6.079840660095215,-11.537492752075195,45.8930778503418,-4.208295822143555,2.5582430362701416,31.879962921142578,-5.0562310218811035,0.5618212223052979,33.12843322753906,-1.9412872791290283,5.4490485191345215,36.3552360534668,-2.6296145915985107,5.21898078918457,34.83879089355469,0.6520226001739502,7.472696304321289,42.41739273071289,-2.798248529434204,5.005028247833252,33.82674026489258,-0.3357541561126709,6.7767839431762695,39.96897888183594,-6.834084987640381,-6.85969877243042,36.49079895019531,-6.253176689147949,-4.037961959838867,35.41826248168945,-3.778799533843994,-6.470763206481934,46.73401641845703,-3.5125269889831543,4.811527252197266,31.859603881835938,-1.81147038936615,0.67415851354599,44.533729553222656,-2.077786922454834,-0.5186636447906494,44.887908935546875,0.5989394187927246,7.012605667114258,42.44044876098633,-5.366828918457031,-0.7554910778999329,33.91658401489258,-2.765666961669922,5.219127655029297,34.235076904296875,-4.585503578186035,2.38840389251709,32.09333038330078,-3.8434464931488037,4.444160461425781,31.265064239501953,-5.2382121086120605,-10.717926025390625,47.3331184387207,-6.998608112335205,-12.137656211853027,44.04457473754883,-7.923188209533691,-10.104194641113281,37.842498779296875,-1.183542013168335,6.382102966308594,39.18928909301758,-7.566266059875488,-9.114323616027832,37.327186584472656,-4.221837043762207,4.205934524536133,31.231359481811523,-5.6561455726623535,-1.6902363300323486,34.383880615234375,-4.766903877258301,-9.399746894836426,47.39682388305664,-2.7991063594818115,-2.3449153900146484,45.50045394897461,-6.510526657104492,-5.445260047912598,35.8818359375,-0.08880615234375,6.564245223999023,42.58441162109375,-2.2982730865478516,5.149407386779785,35.65154266357422,-1.3791877031326294,6.075028419494629,38.57825469970703,-3.4661853313446045,5.168044567108154,32.67648696899414,-3.083390235900879,-3.6909162998199463,46.007659912109375,-5.257261276245117,0.9686141014099121,33.131473541259766,-1.9056881666183472,5.7237114906311035,37.74462890625,-6.052070140838623,-3.249936580657959,35.07742691040039,-1.5124925374984741,2.5783255100250244,43.95571517944336,-4.473566055297852,-8.264927864074707,47.07418441772461,-7.260907173156738,-7.031044960021973,36.91966247558594,-5.855720043182373,-2.103114128112793,34.6343879699707,-7.501159191131592,-7.520974159240723,37.3978157043457,-4.908261299133301,1.403206467628479,32.6790657043457,-0.5282090902328491,6.947363376617432,40.441829681396484,-3.5997228622436523,-5.326104164123535,46.3913459777832,-7.944392204284668,-11.985179901123047,42.074501037597656,-4.894199371337891,-7.2870612144470215,46.497642517089844,-4.488983154296875,3.381469488143921,31.6400146484375,-0.3509519100189209,7.109867572784424,41.03328323364258,-5.916285514831543,-10.312080383300781,46.317745208740234,-5.515294551849365,0.22471940517425537,33.67994689941406,-2.6713361740112305,5.13348388671875,36.07932662963867,-6.631093978881836,-4.700488090515137,35.88309860229492,-5.282497406005859,-9.753619194030762,47.14499282836914,-3.306614875793457,5.141721248626709,33.24406051635742,-0.502338171005249,6.941686630249023,41.51755905151367,-7.6364946365356445,-11.894868850708008,42.966312408447266,-0.1195526123046875,7.250553607940674,42.134193420410156,-3.9724340438842773,5.126562118530273,31.534381866455078,-4.251054286956787,4.748194217681885,30.979219436645508,-8.520225524902344,-12.091085433959961,39.46475601196289,-5.71744441986084,-10.016641616821289,46.78611373901367,-8.250767707824707,-10.650476455688477,38.61419677734375,-1.1735349893569946,6.592555046081543,39.754356384277344,-5.746145725250244,-0.02216249704360962,33.96284484863281,-2.260587215423584,5.443204879760742,36.475704193115234,-0.8873167037963867,4.700821876525879,43.24983215332031,-8.50951862335205,-11.271347045898438,39.353858947753906,-7.096218109130859,-6.314087867736816,36.655216217041016,-2.13771653175354,1.3324581384658813,44.25743865966797,-6.437920093536377,-11.029123306274414,45.51386642456055,-7.020044326782227,-5.255711555480957,36.44483184814453,-3.137746810913086,-1.345937728881836,45.04676055908203,-3.0120556354522705,5.362311363220215,35.41556167602539,-3.2947897911071777,5.167703628540039,33.7775764465332,-5.020204067230225,-8.500832557678223,46.77888488769531,-3.7771153450012207,-4.150667190551758,45.95545196533203,-4.128664016723633,4.933626651763916,30.728261947631836,-3.345254421234131,5.257226943969727,34.582481384277344,-5.060301780700684,2.1885809898376465,32.55204391479492,-2.4858558177948,5.625880718231201,36.95798873901367,-8.418739318847656,-12.052653312683105,40.4266242980957,-7.173762321472168,-11.319262504577637,44.106632232666016,-7.878145694732666,-8.736983299255371,37.91960906982422,-0.9807558059692383,5.833937644958496,42.7132453918457,-4.724449634552002,-6.156411647796631,46.177696228027344,-8.390532493591309,-11.437298774719238,40.8939094543457,-6.3446221351623535,-1.9555385112762451,35.057708740234375,-5.942012786865234,-0.5819426774978638,34.41816711425781,-4.689294338226318,3.600480556488037,31.833959579467773,-3.9687349796295166,5.162625312805176,32.35456466674805,-5.354913711547852,-8.749225616455078,46.84806823730469,-3.59023380279541,-2.7746713161468506,45.48984146118164,-1.8112528324127197,5.981088638305664,38.48514938354492,-2.2271769046783447,2.0030274391174316,44.006629943847656,-2.983171224594116,5.2826642990112305,36.46363067626953,-1.0414751768112183,6.750550270080566,40.58195877075195,-2.637115001678467,-0.0466914176940918,44.614593505859375,-5.970108985900879,-9.540154457092285,46.14270782470703,-5.048698425292969,2.888780117034912,32.36435317993164,-4.4559125900268555,4.929231643676758,31.337879180908203,-8.389159202575684,-10.39055061340332,39.15770721435547,-5.367321491241455,1.6856335401535034,33.10456466674805,-2.5182864665985107,5.652614593505859,37.97769546508789,-6.524845600128174,-2.589055061340332,35.39850997924805,-3.9088947772979736,5.213992118835449,33.05015182495117,-4.324962615966797,5.250161170959473,31.133533477783203,-0.9276115894317627,6.70340633392334,42.09632110595703,-6.811988353729248,-3.4398021697998047,35.8722038269043,-6.10502815246582,-1.1394243240356445,34.83772659301758,-3.3267102241516113,5.258922100067139,35.20306396484375,-4.671679496765137,5.142089366912842,30.53365135192871,-6.7257490158081055,-10.03978443145752,45.071617126464844,-7.099310874938965,-4.301266193389893,36.38853454589844,-4.577877044677734,4.780130863189697,32.18654251098633,-2.10909104347229,3.8531665802001953,43.249298095703125,-2.261754274368286,5.993119239807129,38.44780731201172,-4.650856018066406,4.366924285888672,31.889225006103516,-1.688858985900879,6.511542797088623,40.3742790222168,-1.0374064445495605,6.428574562072754,42.27754211425781,-2.0518455505371094,6.158591270446777,39.14264678955078,-4.685174942016602,5.422945976257324,30.804040908813477,-3.21046781539917,5.3504638671875,36.063232421875,-4.429994583129883,5.043128490447998,32.50312423706055,-4.503270149230957,5.06268310546875,31.7708683013916,-5.210387229919434,-7.027252674102783,46.40220260620117,-1.7916719913482666,4.886650562286377,42.8765754699707,-5.801797389984131,-8.611013412475586,46.001258850097656,-4.210395812988281,5.122391223907471,33.59626770019531,-1.4929147958755493,6.402092933654785,41.25804901123047,-7.483002185821533,-10.722469329833984,43.59602355957031,-5.558316230773926,-8.025026321411133,46.36811447143555,-8.374346733093262,-9.533699989318848,39.41975021362305,-8.136528968811035,-8.36780071258545,38.67363357543945,-7.879245758056641,-7.697136878967285,38.07130432128906,-8.064778327941895,-10.988923072814941,42.096126556396484,-5.688849449157715,0.998163104057312,33.72613525390625,-3.369128704071045,5.338811874389648,37.21417999267578,-8.497950553894043,-10.399171829223633,40.00935363769531,-5.45263671875,2.90545916557312,32.88790512084961,-5.198614597320557,3.78955340385437,32.66744613647461,-4.532919883728027,-4.433799743652344,45.5950927734375,-7.621224880218506,-5.8287034034729,37.49639129638672,-2.513249158859253,3.058509349822998,43.41365432739258,-3.845083475112915,5.194586277008057,34.34651565551758,-3.539747714996338,5.280222415924072,35.746131896972656,-6.35051965713501,-9.18077564239502,45.5156135559082,-3.2245330810546875,-0.10404852032661438,44.378787994384766,-4.909141540527344,4.838160514831543,32.02586364746094,-4.902059555053711,-4.9393510818481445,45.80931854248047,-4.246478080749512,-2.0796821117401123,44.947139739990234,-6.872659683227539,-9.215707778930664,44.72901916503906,-3.8928372859954834,5.157057285308838,34.935401916503906,-1.6032042503356934,6.054957389831543,41.64454650878906,-5.631388187408447,-7.163051605224609,46.1015625,-7.87053108215332,-6.982319355010986,38.1785888671875,-3.6036593914031982,1.0367687940597534,43.77631378173828,-1.777592420578003,5.6603684425354,42.46356964111328,-5.795754432678223,2.4170584678649902,33.61174392700195,-2.3493103981018066,5.99470329284668,40.066646575927734,-8.243295669555664,-10.21981143951416,41.711029052734375,-7.321231365203857,-9.730181694030762,43.92953872680664,-6.185329914093018,0.6207992434501648,34.533546447753906,-5.941990852355957,0.8844893574714661,34.09198760986328,-3.64410400390625,5.309822082519531,36.649391174316406,-5.93179988861084,-7.362542152404785,45.58062744140625,-6.417672634124756,-7.710142135620117,45.08977508544922,-2.873642683029175,5.750751972198486,38.71680450439453,-6.360004425048828,-0.29443997144699097,34.91322326660156,-6.558538913726807,-8.427035331726074,45.059814453125,-7.693962097167969,-9.808594703674316,43.18754196166992,-5.3465375900268555,-5.772668838500977,45.77780532836914,-2.0399329662323,5.590818881988525,42.0753059387207,-6.9620137214660645,-2.553515911102295,36.00632095336914,-6.8450422286987305,-1.8083287477493286,35.8562126159668,-3.3668713569641113,2.079472303390503,43.47871017456055,-3.526580810546875,5.228074550628662,37.96315383911133,-3.763901710510254,-0.133893221616745,44.050533294677734,-2.4277148246765137,5.599381446838379,40.99797439575195,-4.708891868591309,5.028135299682617,33.299686431884766,-8.343304634094238,-9.450209617614746,40.79720687866211,-7.598979949951172,-4.738372802734375,37.60475158691406,-6.622363090515137,-1.0261313915252686,35.75550842285156,-5.989409446716309,1.8751051425933838,34.043888092041016,-8.30227279663086,-8.425902366638184,39.730106353759766,-4.732842922210693,-3.7385172843933105,45.525054931640625,-2.8118696212768555,4.142020225524902,42.72315979003906,-4.856139183044434,4.964493751525879,33.8266487121582,-4.900578498840332,4.6060028076171875,33.169071197509766,-5.200620651245117,4.528839588165283,32.74322509765625,-7.44511079788208,-8.56826400756836,43.50918197631836,-4.071291923522949,5.13578987121582,35.876914978027344,-6.188936233520508,-6.808554172515869,45.090904235839844,-7.971994400024414,-9.257344245910645,42.36528778076172,-5.43244743347168,-5.274046421051025,45.26921081542969,-6.962831974029541,-8.285224914550781,44.32057571411133,-4.552337646484375,4.965351581573486,34.698272705078125,-7.355123043060303,-3.1691040992736816,36.791568756103516,-8.098929405212402,-7.0958685874938965,39.0078010559082,-7.921968460083008,-6.188700199127197,38.75749588012695,-5.5861358642578125,3.5210604667663574,33.19778823852539,-5.450238227844238,4.0025811195373535,32.75672149658203,-8.31000804901123,-8.43128490447998,40.155128479003906,-4.506255149841309,-1.818558692932129,44.91105651855469,-2.885169267654419,5.12264347076416,41.9438591003418,-5.0553297996521,-3.1467959880828857,44.94561004638672,-2.8119239807128906,4.731216907501221,42.440582275390625,-2.9417169094085693,5.643331527709961,39.742950439453125,-3.0000388622283936,5.437465667724609,40.359169006347656,-4.886330604553223,4.750378608703613,35.24412536621094,-3.5003714561462402,5.338045120239258,38.944297790527344,-5.334752559661865,-4.454533576965332,44.86819839477539,-7.824285984039307,-5.000186443328857,38.661895751953125,-7.059957027435303,-7.60640811920166,43.92909240722656,-8.154579162597656,-8.285780906677246,41.169193267822266,-6.133238315582275,-5.756404399871826,44.667030334472656,-5.784309387207031,-4.585044860839844,44.511268615722656,-6.8276286125183105,-0.3917853534221649,36.234153747558594,-6.611034393310547,-6.77079963684082,44.42998123168945,-6.164435386657715,2.4863314628601074,34.6394157409668,-5.198179244995117,4.339303016662598,33.750038146972656,-4.033081531524658,-0.1515093445777893,44.245723724365234,-4.14607572555542,5.032055854797363,37.65723419189453,-3.1459672451019287,4.93877649307251,41.365238189697266,-6.53298282623291,0.49158215522766113,35.424259185791016,-5.954614639282227,3.2681143283843994,33.973731994628906,-7.777397632598877,-8.183446884155273,42.570674896240234,-8.14988899230957,-7.4572272300720215,40.478031158447266,-5.667294979095459,4.048117637634277,33.336769104003906,-6.896233081817627,-1.07470703125,36.44614028930664,-7.961446285247803,-7.8065972328186035,41.79857635498047,-3.714043140411377,1.8105589151382446,43.62630081176758,-6.669461727142334,-5.851241588592529,43.9140625,-7.454354763031006,-7.6196184158325195,43.15841293334961,-4.9176506996154785,4.599937915802002,36.35762405395508,-7.955843448638916,-6.118906497955322,40.137603759765625,-6.414865493774414,1.3081327676773071,35.20938491821289,-4.715461730957031,4.679122447967529,37.01882553100586,-4.539865493774414,-0.7995927333831787,44.17450714111328,-4.18300724029541,0.4523544907569885,43.79557800292969,-3.2554054260253906,3.3932502269744873,43.042274475097656,-3.5638961791992188,4.785966873168945,40.81287384033203,-5.010874271392822,-2.096466541290283,44.562103271484375,-3.928875684738159,4.956202983856201,39.1848030090332,-6.480657577514648,-5.075680255889893,43.78797149658203,-7.664776802062988,-3.696955680847168,37.89372634887695,-7.182073593139648,-6.854470252990723,43.470741271972656,-7.862539291381836,-5.3157958984375,39.52858352661133,-7.371529579162598,-2.1767516136169434,37.2852783203125,-6.108286380767822,-4.308991432189941,43.98577880859375,-5.42990255355835,4.361731052398682,34.85273361206055,-4.231147289276123,4.603939533233643,38.7830810546875,-7.794516563415527,-7.009304046630859,41.94798278808594,-7.893802642822266,-6.754471302032471,41.258872985839844,-5.857294082641602,-3.4824883937835693,43.93152618408203,-5.559863090515137,3.9201064109802246,34.608116149902344,-5.024341106414795,-1.4638848304748535,43.93242263793945,-4.478052139282227,0.006987154483795166,43.39842987060547,-7.549610614776611,-6.863181114196777,42.59654235839844,-5.274328708648682,-0.6283106803894043,43.01177978515625,-4.089017391204834,1.983533263206482,43.2078742980957,-5.520153522491455,-2.4758894443511963,43.912506103515625,-5.995927810668945,3.3964195251464844,34.49446487426758,-7.139927387237549,-5.899618625640869,43.11284637451172,-3.442774772644043,4.121557712554932,42.28921127319336,-4.796676158905029,4.523616313934326,37.74468231201172,-6.106561660766602,-3.400871753692627,43.52714920043945,-4.902646064758301,0.40936538577079773,42.860633850097656,-3.9999537467956543,4.466017723083496,40.35996627807617,-7.740360736846924,-5.7373881340026855,41.140174865722656,-7.3326239585876465,-5.7186198234558105,42.44884490966797,-6.74172830581665,-4.807198524475098,43.16490173339844,-6.292355060577393,2.480656147003174,35.28992462158203,-5.348901748657227,4.3221845626831055,35.7603645324707,-3.810082197189331,3.1054000854492188,42.38589859008789,-4.561860084533691,1.5059360265731812,42.72214889526367,-7.578641891479492,-5.986552715301514,41.89695358276367,-7.686450958251953,-3.434835910797119,38.53092575073242,-7.093511581420898,-0.8546632528305054,37.380916595458984,-6.6619367599487305,-3.8562867641448975,42.735450744628906,-7.56751012802124,-4.624222755432129,40.91534423828125,-7.7250518798828125,-4.488783836364746,39.79246139526367,-3.83971905708313,4.0766730308532715,41.5093994140625,-6.6615753173828125,0.7966802716255188,36.001590728759766,-4.764594554901123,4.226527690887451,38.64912414550781,-5.770418643951416,-1.7339565753936768,43.08957290649414,-4.334786415100098,4.378452301025391,39.655208587646484,-7.442086219787598,-5.005614757537842,41.658206939697266,-6.936342239379883,-4.232716083526611,42.47712707519531,-5.987574577331543,3.2433290481567383,35.52950668334961,-4.307608127593994,1.964321494102478,42.721282958984375,-5.669031620025635,3.921834945678711,35.659671783447266,-5.434885501861572,0.08060222864151001,42.354217529296875,-6.300987720489502,-2.8158838748931885,42.84573745727539,-7.175020694732666,-4.832735061645508,42.263423919677734,-4.26990270614624,2.9059181213378906,42.004554748535156,-6.5066633224487305,1.7235193252563477,36.247764587402344,-5.048840522766113,1.0349942445755005,42.35859680175781,-6.88345193862915,0.21460986137390137,36.9234733581543,-5.054628849029541,4.132757663726807,37.94398498535156,-5.32877779006958,4.074024200439453,37.006553649902344,-7.639673233032227,-3.5218024253845215,39.47732162475586,-7.178417205810547,-0.9972684383392334,38.24931716918945,-6.754746437072754,-2.9477312564849854,41.975013732910156,-4.707592964172363,3.6680307388305664,40.365638732910156,-7.490944862365723,-3.7139055728912354,40.3687744140625,-4.8497724533081055,3.0470645427703857,40.933433532714844,-7.597180366516113,-2.887667655944824,38.81325912475586,-7.421702861785889,-2.0187301635742188,38.55976104736328,-6.766461372375488,0.8947705030441284,37.09311294555664,-5.77647590637207,3.678666591644287,36.301578521728516,-6.431060314178467,-2.3438212871551514,42.25933074951172,-7.177698612213135,-3.6957192420959473,41.45500946044922,-4.715769290924072,2.6240439414978027,41.62151336669922,-4.974920272827148,3.7034988403320312,39.50509262084961,-6.2138190269470215,2.7560770511627197,36.30222702026367,-6.022682189941406,-1.2521014213562012,42.315208435058594,-5.128296375274658,1.7510175704956055,41.71762466430664,-6.003429889678955,-0.47489261627197266,41.76652145385742,-7.192131519317627,-2.8899452686309814,40.79913330078125,-7.434625625610352,-2.866922616958618,39.91050338745117,-5.49793815612793,3.4769446849823,38.33977127075195,-5.698246955871582,3.464144229888916,37.54167556762695,-6.653379917144775,-2.189922571182251,41.68379592895508,-6.464690208435059,1.8738946914672852,37.13084030151367,-6.975053787231445,0.03319808840751648,37.989280700683594,-7.237300872802734,-1.714267373085022,39.383323669433594,-6.104918003082275,2.9058539867401123,37.08995056152344,-5.61895751953125,0.9708094596862793,41.462947845458984,-5.601011276245117,1.511372447013855,41.08128356933594,-5.32700252532959,3.238881826400757,39.504695892333984,-5.410762310028076,2.141655206680298,40.857791900634766,-6.583284378051758,-1.2485084533691406,41.052635192871094,-7.027363300323486,-1.8600845336914062,40.302669525146484,-6.509973049163818,1.3702566623687744,38.34255599975586,-6.04863166809082,0.05240233987569809,41.31085205078125,-6.707009792327881,-0.7463042736053467,40.289703369140625,-6.96419620513916,-0.32161855697631836,38.927345275878906,-6.1690263748168945,2.351571798324585,38.16270065307617,-6.700011730194092,0.4593290686607361,39.0250129699707,-5.626407146453857,2.403146982192993,40.07320785522461,-6.800858020782471,-0.3748670816421509,39.641780853271484,-6.268396377563477,0.38512542843818665,40.59310531616211,-5.925034046173096,2.358873128890991,39.227962493896484,-6.100427627563477,1.4188073873519897,40.002418518066406
