/home/arvardaz/SFT_with_CNN/output/1488554893.0365283_2778.png,2.019364595413208,-0.6745533347129822,-48.160587310791016,1.4138880968093872,-1.2983022928237915,-49.24673080444336,1.871618390083313,0.2834533751010895,-49.44562911987305,1.6283223628997803,-1.5778716802597046,-48.16649627685547,1.2771635055541992,-0.7213695049285889,-50.070648193359375,0.7872107028961182,-1.1391041278839111,-50.87790298461914,0.7592958807945251,-2.0289535522460938,-50.122108459472656,0.3473847806453705,-1.8632304668426514,-51.15140151977539,1.101816177368164,-0.3889084756374359,-50.69108963012695,2.295105218887329,0.3167586624622345,-48.284828186035156,0.9541964530944824,-2.343071222305298,-49.198116302490234,2.441518545150757,1.3107794523239136,-48.39152526855469,0.3631604015827179,-1.3778563737869263,-51.44291305541992,1.4289573431015015,1.0562825202941895,-50.56352233886719,2.438002109527588,0.012068736366927624,-47.43089294433594,0.8510099649429321,-2.914142370223999,-48.41607666015625,0.19800804555416107,-2.8342185020446777,-50.471893310546875,1.9650987386703491,1.5171589851379395,-49.60133361816406,0.5708674192428589,0.056635525077581406,-51.83087158203125,0.847171425819397,-0.0012006371980533004,-51.333282470703125,1.0212535858154297,0.7080890536308289,-51.261985778808594,2.1375017166137695,-1.1383627653121948,-46.63673400878906,0.19121091067790985,-3.3315587043762207,-49.84754180908203,0.12299613654613495,-0.4990723431110382,-52.30457305908203,2.700241804122925,0.1974232792854309,-46.369632720947266,1.1597996950149536,-2.7672622203826904,-47.308677673339844,2.7424330711364746,1.1284984350204468,-47.3123779296875,-0.4039497375488281,-2.3728270530700684,-51.8659553527832,-0.41359108686447144,-1.9968242645263672,-52.189998626708984,-0.3964826166629791,-1.420937180519104,-52.553951263427734,2.5884993076324463,2.1278090476989746,-48.227874755859375,-0.39451339840888977,-3.288564443588257,-51.01984786987305,1.845758318901062,-1.827968716621399,-46.029449462890625,0.1317553073167801,-3.8240256309509277,-49.17964172363281,1.5327709913253784,1.9029483795166016,-50.425193786621094,2.1516952514648438,2.388148307800293,-49.26265335083008,-0.68694007396698,-2.927875518798828,-51.71372985839844,0.0944683849811554,0.09270215779542923,-52.523956298828125,3.201219320297241,1.6502822637557983,-46.096893310546875,0.6451027393341064,1.0084785223007202,-51.94218444824219,0.695514976978302,1.6306170225143433,-51.91092300415039,0.626434326171875,-3.4849250316619873,-47.61244583129883,-0.8608143329620361,-3.9842734336853027,-51.02742004394531,-0.47003310918807983,-4.240841865539551,-50.05042266845703,3.1757524013519287,2.5979106426239014,-46.652103424072266,0.22345860302448273,0.6298078298568726,-52.496856689453125,-0.9013230204582214,-3.4201295375823975,-51.6613655090332,-0.805678129196167,-2.1050937175750732,-52.44697570800781,2.9419829845428467,0.02058611996471882,-44.990509033203125,3.3382747173309326,1.1173163652420044,-45.10700225830078,-0.31763404607772827,-0.600908637046814,-52.77781677246094,1.4962382316589355,-2.2992284297943115,-46.048583984375,2.3889150619506836,3.328988790512085,-48.58681106567383,0.2178364098072052,-3.993060827255249,-48.137046813964844,-0.29632893204689026,-4.405386447906494,-49.13025665283203,3.626396894454956,2.1685092449188232,-45.18318557739258,1.1652452945709229,2.2891454696655273,-51.03912353515625,2.294787645339966,-1.1854186058044434,-45.08074188232422,2.7428648471832275,2.8827009201049805,-47.805721282958984,-0.8667782545089722,-2.687366485595703,-52.24448776245117,1.7795361280441284,3.012044668197632,-49.88471221923828,-0.9863868951797485,-0.9445455074310303,-53.402469635009766,-0.367062509059906,-0.27855151891708374,-53.066558837890625,3.6688547134399414,3.185091257095337,-45.57874298095703,-1.189706563949585,-4.745056629180908,-50.7465705871582,-0.7186739444732666,-4.964487552642822,-49.4156608581543,-0.9800716638565063,-2.0632355213165283,-52.73760986328125,3.2388830184936523,3.707195281982422,-46.637577056884766,2.6892480850219727,-0.8336480855941772,-43.920345306396484,3.4504103660583496,0.6272301077842712,-43.878780364990234,4.023228645324707,2.239802598953247,-43.88198471069336,4.039365291595459,3.218154191970825,-44.52246856689453,-0.23362921178340912,0.7172446250915527,-53.16497802734375,0.02484065294265747,1.3897309303283691,-52.829429626464844,1.4258941411972046,3.0963454246520996,-50.47542190551758,-1.5056507587432861,-5.362786769866943,-50.680171966552734,-0.7598007917404175,-0.49073415994644165,-53.37446975708008,4.1159162521362305,1.8347421884536743,-42.93775939941406,-1.4936137199401855,-4.148261547088623,-51.687950134277344,2.7561748027801514,3.8874144554138184,-47.60780715942383,-1.446131706237793,-3.238450288772583,-52.2994270324707,-1.5810626745224,-2.9049577713012695,-52.66607666015625,-0.34744691848754883,-4.702272415161133,-48.1343879699707,-1.7049823999404907,-2.3459224700927734,-53.07521057128906,-0.43686872720718384,1.3633323907852173,-53.60285949707031,-0.7634882926940918,0.5103448629379272,-53.917057037353516,3.5537962913513184,0.4730876088142395,-42.87199020385742,1.084417462348938,-2.9396495819091797,-46.2845458984375,-1.1013263463974,-5.443382740020752,-49.215049743652344,4.502197742462158,4.066906929016113,-43.29160690307617,1.8984227180480957,4.1510114669799805,-49.18555450439453,-0.13798613846302032,2.0559635162353516,-53.08518600463867,0.5599647760391235,2.3599627017974854,-52.03543472290039,-1.0595179796218872,-0.019393593072891235,-53.92683792114258,1.6914407014846802,-2.168694496154785,-44.921424865722656,-1.2192835807800293,-1.279909372329712,-53.44243240356445,3.903273105621338,4.371703624725342,-45.13134765625,4.476173400878906,2.462301254272461,-42.07749557495117,1.7325359582901,-2.000143527984619,-43.99789047241211,2.9107933044433594,-0.6470634937286377,-42.81243896484375,0.2572786808013916,-3.88688325881958,-46.528812408447266,4.57292366027832,3.424820899963379,-42.75791549682617,-1.769336223602295,-5.9032063484191895,-50.430458068847656,-0.950779139995575,-5.268176078796387,-47.989620208740234,-2.060964345932007,-5.1563591957092285,-51.40685272216797,-0.7370940446853638,1.0759142637252808,-54.01309585571289,4.032322406768799,1.2623481750488281,-42.00991439819336,4.321661949157715,4.5754523277282715,-43.898250579833984,-0.35718902945518494,-4.583685398101807,-47.170005798339844,-1.9491300582885742,-5.450364589691162,-50.86284637451172,-2.134427309036255,-4.2667694091796875,-52.01315689086914,0.7897816300392151,3.5624308586120605,-51.19581604003906,3.297818183898926,4.554784774780273,-46.42161178588867,-1.6738981008529663,-6.003149509429932,-49.588294982910156,-2.1980457305908203,-3.5093767642974854,-52.5225715637207,2.3917548656463623,4.504595756530762,-47.96110534667969,1.4696229696273804,4.046937465667725,-49.88125991821289,4.912600517272949,4.459214210510254,-41.99320983886719,0.7836794257164001,-3.1781468391418457,-45.557674407958984,4.912112712860107,3.3052217960357666,-40.97467803955078,-1.4744316339492798,-0.41579073667526245,-54.101051330566406,-1.0684541463851929,0.6789835691452026,-54.21159362792969,-1.2256505489349365,1.102006435394287,-54.55116653442383,2.1333374977111816,-1.5692331790924072,-43.10317611694336,-2.3014512062072754,-2.662705421447754,-53.09663391113281,-1.8642560243606567,-0.8358879089355469,-53.971160888671875,-0.16069306433200836,2.7488694190979004,-52.934967041015625,0.38036036491394043,3.2631123065948486,-51.90986633300781,3.203141450881958,-0.21923966705799103,-41.92737579345703,4.504173755645752,2.0599660873413086,-40.58736801147461,0.3730856478214264,-3.570080280303955,-45.55810546875,0.7354943156242371,-2.9869885444641113,-44.70133972167969,-2.0423171520233154,-1.6052864789962769,-53.582611083984375,-1.568906545639038,0.42249247431755066,-54.638999938964844,-0.9066185355186462,2.12280535697937,-54.23773193359375,4.100456714630127,5.434945106506348,-44.435150146484375,3.8031017780303955,5.09808349609375,-45.239986419677734,-2.3491623401641846,-5.92350959777832,-50.80366516113281,2.798391342163086,4.947835922241211,-47.05331802368164,3.8635778427124023,0.8294899463653564,-41.20698165893555,5.179912567138672,4.138434410095215,-40.53558349609375,-2.1681275367736816,-6.321038246154785,-50.342342376708984,-2.5359771251678467,-5.080624103546143,-51.67167282104492,3.090501546859741,5.511276721954346,-46.37883758544922,0.9396875500679016,4.079432964324951,-50.65128707885742,1.2887752056121826,-2.548309564590454,-44.58903503417969,-1.6536860466003418,-5.902475833892822,-48.02328872680664,-1.2931938171386719,1.6576141119003296,-54.799007415771484,4.6736040115356445,5.358150482177734,-42.88566970825195,-2.244126081466675,-0.4129199981689453,-54.47237777709961,-1.6340559720993042,1.2551504373550415,-55.08738327026367,-0.7061005234718323,2.601292848587036,-53.75646209716797,-2.4940972328186035,-6.879103660583496,-49.84197998046875,4.05495023727417,1.1839150190353394,-40.18574142456055,4.937602519989014,2.9740796089172363,-39.837982177734375,0.04247457534074783,-3.9533982276916504,-45.93181610107422,1.968021273612976,4.97944974899292,-48.48735427856445,3.45387864112854,6.07423210144043,-45.477699279785156,-2.583834171295166,-4.086167335510254,-52.284210205078125,2.544890880584717,-1.0534298419952393,-42.04777526855469,0.03712324798107147,3.926046371459961,-51.894290924072266,-2.7466509342193604,-1.880318522453308,-53.57821273803711,0.41981157660484314,3.869684934616089,-51.431888580322266,-2.076910972595215,-6.443488121032715,-48.92132568359375,-0.36637595295906067,-4.294449329376221,-46.0651969909668,3.0336239337921143,-0.33334657549858093,-40.636817932128906,-2.82063889503479,-5.493008136749268,-51.475379943847656,-3.2273666858673096,-6.869384765625,-50.62937545776367,-2.4764528274536133,-6.848256587982178,-49.231021881103516,-2.684426784515381,-6.128503322601318,-50.9388313293457,-2.2000927925109863,0.3334575295448303,-54.996795654296875,5.319382190704346,5.805642127990723,-40.823974609375,4.3368377685546875,6.148857593536377,-43.6321907043457,5.181875228881836,3.3943748474121094,-39.23239517211914,0.9670034646987915,-2.629094362258911,-43.788360595703125,-2.600618839263916,-0.9970554113388062,-54.122928619384766,5.035632133483887,6.723955154418945,-41.76335906982422,-1.4960883855819702,2.506943941116333,-54.838565826416016,-1.6552848815917969,1.8321678638458252,-55.275733947753906,-0.5449063777923584,3.555649995803833,-53.0164794921875,-0.24921557307243347,3.6851308345794678,-52.43852996826172,3.3058979511260986,0.04311848804354668,-40.27231216430664,3.6905195713043213,0.641262412071228,-39.8529052734375,-3.0417683124542236,-7.1765923500061035,-50.291419982910156,-3.011125087738037,-3.6725199222564697,-52.48026657104492,-2.8625757694244385,-3.120267868041992,-52.87562942504883,-0.7077395915985107,-4.790457725524902,-46.65534210205078,-1.1932934522628784,2.6558291912078857,-54.33321762084961,-3.2322232723236084,-6.0478925704956055,-51.20901107788086,-3.0687899589538574,-4.529314994812012,-52.092491149902344,4.463360786437988,1.7929495573043823,-38.92861557006836,5.495362758636475,4.977526664733887,-39.234439849853516,3.903256893157959,6.332412242889404,-44.53324890136719,-1.5409272909164429,-5.445524215698242,-47.389556884765625,-3.2994513511657715,-6.535262584686279,-50.84178161621094,-2.384120225906372,1.7772369384765625,-55.955223083496094,4.037624835968018,6.771265029907227,-44.047119140625,1.9820663928985596,-1.5521373748779297,-42.144039154052734,2.346682071685791,-1.0928505659103394,-41.2855339050293,-2.989142417907715,-1.330117106437683,-53.74072265625,4.591535568237305,7.313692092895508,-42.70719528198242,-2.5931947231292725,0.9601656794548035,-55.57185363769531,-1.2982206344604492,-5.231659889221191,-46.86294937133789,2.5465986728668213,5.529716968536377,-47.05107879638672,5.396962642669678,3.816373586654663,-37.90430450439453,1.2537319660186768,-2.276710033416748,-43.03152847290039,1.967189908027649,5.731400489807129,-47.67893600463867,-2.826397657394409,-7.3358025550842285,-49.39456558227539,0.0842735543847084,-3.6372461318969727,-44.98200607299805,-2.9622082710266113,-0.2646174132823944,-54.77521514892578,-2.0451269149780273,1.9168249368667603,-55.6064338684082,-2.0709068775177,2.5086028575897217,-55.66917419433594,-1.584044098854065,2.3697328567504883,-55.20405578613281,0.41620734333992004,5.063197612762451,-50.35328674316406,-3.291255474090576,-7.675729751586914,-49.722618103027344,4.996474266052246,2.6661183834075928,-38.1641845703125,-3.4551761150360107,-5.036594867706299,-51.83107376098633,-1.1369150876998901,3.399207830429077,-53.75647735595703,0.9307767748832703,4.954238414764404,-49.83529281616211,1.4065213203430176,5.569748878479004,-48.76552963256836,2.9265849590301514,6.333906650543213,-46.069786071777344,-3.134772777557373,-2.491915225982666,-53.223846435546875,5.311686992645264,7.133284568786621,-40.85481262207031,-3.68137526512146,-7.519790172576904,-50.36285400390625,-2.290494680404663,-6.4476799964904785,-48.07456588745117,3.682863235473633,0.6624515652656555,-38.65602493286133,-0.9513859748840332,-4.716264247894287,-45.99313735961914,-1.4129785299301147,3.2907936573028564,-54.27473449707031,5.538344383239746,6.918493270874023,-39.69144058227539,1.5681086778640747,-1.803648829460144,-41.90666198730469,2.491356134414673,-0.7872987985610962,-40.29324722290039,3.536146640777588,7.1067891120910645,-44.66386795043945,-0.01333375833928585,4.7729811668396,-51.09860610961914,-3.908458709716797,-5.806944847106934,-51.408634185791016,4.125787258148193,7.570157051086426,-43.52296829223633,-2.9264888763427734,-6.945522308349609,-48.54269027709961,-3.34419584274292,-4.111264705657959,-52.27467346191406,-1.954811453819275,3.195667028427124,-54.97372055053711,-0.5192483067512512,4.281207084655762,-52.093544006347656,5.550001621246338,5.658583641052246,-38.69618225097656,-0.02333351969718933,-3.418440341949463,-44.27494430541992,1.8297661542892456,-1.2564326524734497,-40.65070343017578,-2.02732515335083,-5.899424076080322,-47.46308135986328,5.068394660949707,2.555368185043335,-37.071006774902344,2.3561294078826904,6.28510856628418,-46.78924560546875,0.4506940543651581,-2.806070566177368,-43.49460983276367,3.027562379837036,-0.07939253747463226,-39.206111907958984,-3.328683376312256,-7.778914928436279,-49.18547439575195,-2.5843067169189453,2.587306499481201,-56.27240753173828,3.0893568992614746,7.360711097717285,-45.04959487915039,4.285171031951904,1.4995360374450684,-37.706573486328125,-3.7921457290649414,-7.0338616371154785,-50.59634780883789,5.419118404388428,4.826913833618164,-37.342594146728516,-3.2126495838165283,1.460927963256836,-56.13151550292969,4.403065204620361,1.6643506288528442,-36.80754470825195,-0.4914199709892273,-3.998351812362671,-45.048397064208984,4.817556381225586,7.925924777984619,-42.0112419128418,2.9102015495300293,7.036661624908447,-45.45371627807617,-3.2409141063690186,0.5381858944892883,-55.471561431884766,-3.308825731277466,-1.8529393672943115,-53.50863265991211,-1.0031917095184326,4.376845836639404,-52.53057861328125,0.8170029520988464,5.749128818511963,-49.191650390625,-3.2240734100341797,-1.1037057638168335,-53.96467208862305,-1.649715542793274,-5.303646087646484,-46.56474304199219,5.29826545715332,3.467574119567871,-36.34232711791992,5.438553810119629,8.067529678344727,-40.18239974975586,5.475872993469238,6.4520368576049805,-38.19089126586914,-1.584882140159607,4.1129302978515625,-53.56166458129883,4.992631435394287,8.625863075256348,-41.393741607666016,2.773973226547241,-0.41056644916534424,-39.606842041015625,-2.6823840141296387,-6.207064151763916,-47.254981994628906,-2.576672315597534,2.8941640853881836,-55.85253143310547,0.5440336465835571,-2.5927107334136963,-42.69587326049805,-2.2114295959472656,-5.539546966552734,-47.01353073120117,-2.6329345703125,3.430352210998535,-55.4984245300293,-0.619598388671875,4.743437767028809,-51.66353225708008,1.006839632987976,-2.11418080329895,-41.91905975341797,3.6735634803771973,8.010270118713379,-43.936737060546875,-2.1927478313446045,3.7823376655578613,-54.57499313354492,-2.857266426086426,2.8568198680877686,-56.46717834472656,-1.5271121263504028,4.276854991912842,-53.009368896484375,-3.702680826187134,-1.4088549613952637,-53.58076477050781,-3.594529628753662,-0.8042653203010559,-54.25904846191406,-3.8758933544158936,-5.109376907348633,-51.81251525878906,-3.7092220783233643,-2.6238980293273926,-53.04341506958008,1.438159704208374,6.314181327819824,-47.843204498291016,-4.19204568862915,-8.347289085388184,-49.595401763916016,-3.336177110671997,1.9627265930175781,-56.55278015136719,-2.879354476928711,-6.767603397369385,-47.98984909057617,4.909111499786377,2.267981767654419,-36.05652618408203,5.141849994659424,2.8646581172943115,-35.71742630004883,-3.916046380996704,-7.72611141204834,-50.46221160888672,-3.495887041091919,-7.155054092407227,-48.06069564819336,5.542725563049316,7.287618160247803,-38.81035614013672,1.5076359510421753,-1.5635693073272705,-40.838340759277344,3.705038547515869,0.8595966100692749,-37.61476135253906,-1.3581938743591309,-4.694051742553711,-45.531368255615234,0.09304188191890717,5.880903244018555,-49.661441802978516,5.243518352508545,4.493616580963135,-36.50202560424805,-4.162654876708984,-8.229642868041992,-50.08458709716797,-4.483064651489258,-7.813423156738281,-50.46293258666992,-3.7778613567352295,-2.101548671722412,-53.306480407714844,-4.065348148345947,-4.430717468261719,-52.05364227294922,-3.5811421871185303,0.07210469990968704,-55.02650451660156,-3.4073989391326904,2.378596067428589,-56.8776741027832,1.5768921375274658,6.828359603881836,-47.042240142822266,2.2882394790649414,7.024703502655029,-46.1943244934082,4.061848163604736,9.032835960388184,-42.81105041503906,-4.290708541870117,-6.515031337738037,-50.93830871582031,-3.8155291080474854,-7.758536338806152,-48.70783615112305,4.470975399017334,8.92493724822998,-42.255104064941406,-3.744938373565674,-7.837690830230713,-49.00150680541992,-3.834127426147461,1.1757934093475342,-55.98737716674805,-1.760422706604004,-5.160949230194092,-46.31694793701172,-0.46281829476356506,-3.3997654914855957,-43.6764030456543,-3.9302191734313965,-3.896862030029297,-52.3742561340332,5.275539398193359,6.2390055656433105,-37.27949905395508,-3.8939332962036133,-2.871068239212036,-52.785396575927734,-3.8508636951446533,0.5106126666069031,-55.35871124267578,2.2530357837677,-0.7240118980407715,-39.3051643371582,4.058728218078613,1.3556454181671143,-36.36660385131836,-3.6827375888824463,-0.2813308835029602,-54.66132736206055,1.7530375719070435,-1.0759588479995728,-39.736412048339844,3.023442268371582,0.10684864223003387,-38.37260437011719,-4.055495262145996,-3.5004193782806396,-52.3562126159668,-0.9567199349403381,-3.994868040084839,-44.66876220703125,-0.8496884703636169,-3.6977121829986572,-43.86771774291992,5.466907024383545,8.57381820678711,-39.06842041015625,-4.353093147277832,-7.093006134033203,-50.5153923034668,-0.15137000381946564,-2.9408059120178223,-43.15932846069336,-0.3107184171676636,5.641801834106445,-50.28553009033203,-4.736545562744141,-8.786409378051758,-49.68916320800781,0.9950305819511414,-1.7586348056793213,-40.81998825073242,-4.333652496337891,-5.6483073234558105,-51.36491012573242,4.88330078125,2.2957866191864014,-35.095497131347656,-4.352243423461914,-8.52563762664795,-49.08070373535156,-3.2098729610443115,-6.8036932945251465,-47.694820404052734,3.435086488723755,8.974879264831543,-43.49537658691406,-2.0390913486480713,-5.277459621429443,-45.956298828125,-1.5536617040634155,4.645640850067139,-52.58115005493164,0.8873245120048523,6.501863956451416,-48.323692321777344,5.333280086517334,8.956907272338867,-40.207340240478516,-3.8129334449768066,1.6177685260772705,-56.24294662475586,0.8839189410209656,-1.9429113864898682,-41.187137603759766,3.080998420715332,8.26984977722168,-44.389610290527344,-4.333399772644043,-5.0751566886901855,-51.57537841796875,-2.702725410461426,-5.551030158996582,-46.60036087036133,-3.269315242767334,3.3772988319396973,-56.58989334106445,0.5541500449180603,-2.233565092086792,-41.81425857543945,-3.5938491821289062,3.535733938217163,-55.85194396972656,5.08170747756958,9.872628211975098,-40.56448745727539,4.677745819091797,9.590449333190918,-41.45418930053711,5.0625200271606445,5.801965236663818,-36.41261291503906,0.07687892019748688,-2.68881893157959,-42.5301399230957,-3.80214524269104,-1.1300618648529053,-53.826541900634766,-3.84847354888916,-1.2364166975021362,-53.467769622802734,2.515076160430908,8.136874198913574,-45.04106521606445,5.110834121704102,3.8218636512756348,-35.45493698120117,5.320526123046875,7.493298530578613,-37.99756622314453,4.91557502746582,5.245988845825195,-36.02047348022461,-2.2091541290283203,4.462588310241699,-53.500518798828125,-1.070786714553833,5.162626266479492,-51.34392547607422,2.1861443519592285,-0.4389375150203705,-38.41387176513672,-4.17619514465332,-4.658791542053223,-51.82813262939453,-4.039496898651123,2.408869504928589,-57.045494079589844,-3.9615461826324463,1.040065050125122,-55.65810012817383,4.244783401489258,1.736598253250122,-35.17698669433594,-3.7194318771362305,3.175142765045166,-57.31262969970703,-4.782603740692139,-6.676228046417236,-50.58456802368164,5.258852481842041,6.757788181304932,-37.78239440917969,-4.571664810180664,-8.140327453613281,-49.50602340698242,-3.13690185546875,3.8923096656799316,-55.24180603027344,5.2661519050598145,9.299921989440918,-39.319488525390625,-1.7134826183319092,-4.478724956512451,-44.92756271362305,2.4490041732788086,-0.08525709062814713,-37.724422454833984,3.0697386264801025,0.44705548882484436,-37.2899169921875,0.4320087730884552,6.410160064697266,-48.679718017578125,-4.62026309967041,-8.050333976745605,-49.03239822387695,1.1562376022338867,-1.358107089996338,-40.115150451660156,-4.945953369140625,-7.534658432006836,-50.0046501159668,2.089103937149048,7.93250036239624,-45.414703369140625,-4.59662389755249,-6.205508708953857,-50.94548034667969,4.943159103393555,2.777280807495117,-34.43013000488281,-3.902700424194336,-0.22950637340545654,-54.48834991455078,0.009186644107103348,6.296150207519531,-49.144264221191406,-4.01555871963501,-1.676921010017395,-53.29518508911133,-3.9390780925750732,1.9344444274902344,-56.543949127197266,-3.8930466175079346,-0.7874152660369873,-53.94450378417969,4.565079212188721,2.021232843399048,-34.14862060546875,-4.214364528656006,-2.9522831439971924,-52.53913116455078,-2.164060354232788,4.830611228942871,-52.57331466674805,5.176283359527588,9.924973487854004,-39.9283561706543,-4.185743808746338,-2.2669568061828613,-52.987335205078125,1.8718507289886475,7.702776908874512,-45.87652587890625,-4.494174957275391,-3.906411647796631,-51.94292449951172,3.4227521419525146,0.8369340896606445,-36.49092102050781,4.981844902038574,3.3291478157043457,-34.60429382324219,0.9973548650741577,6.893939971923828,-47.601417541503906,1.5229774713516235,7.20246696472168,-46.53208541870117,-3.968611717224121,0.8149704933166504,-55.283233642578125,5.0689544677734375,8.229705810546875,-37.834449768066406,4.060804843902588,9.840806007385254,-42.130977630615234,-4.050350666046143,-7.137545585632324,-47.95145797729492,-4.153842926025391,3.20151424407959,-57.52711486816406,-2.713970422744751,4.461956024169922,-53.92097091674805,-2.890293598175049,4.177858352661133,-54.57596969604492,-4.873712062835693,-7.822197437286377,-49.542545318603516,-3.789572238922119,3.61286997795105,-56.89304733276367,-1.5196564197540283,-3.902782440185547,-44.21791458129883,-0.6481991410255432,-2.9692580699920654,-42.78517150878906,4.634283542633057,10.34490966796875,-40.994873046875,0.2936054766178131,-2.098593235015869,-41.21935272216797,-3.6827075481414795,-6.623617649078369,-47.498104095458984,-4.731410026550293,-5.250698566436768,-51.3875617980957,4.696720123291016,2.357123851776123,-33.67702865600586,-5.030259132385254,-7.139647483825684,-50.14008331298828,-4.683538913726807,-4.545418739318848,-51.63574981689453,-4.45808744430542,-3.400259017944336,-52.181312561035156,-2.9115593433380127,-5.380122184753418,-46.21963882446289,0.05534212291240692,-2.3770227432250977,-41.8795166015625,-4.1986494064331055,-0.4962186813354492,-54.092411041259766,-4.140894412994385,-0.945734977722168,-53.75165557861328,-4.336820125579834,1.9378927946090698,-56.027462005615234,-4.138503551483154,0.26642295718193054,-54.92813491821289,4.79211950302124,7.036068916320801,-36.85805130004883,2.540794610977173,0.2552992105484009,-37.028377532958984,-1.2700533866882324,5.605616569519043,-50.63222885131836,4.6965861320495605,4.895419597625732,-35.069644927978516,5.273829936981201,8.945436477661133,-38.67716598510742,2.4581034183502197,9.263111114501953,-44.032718658447266,-4.364708423614502,0.13097147643566132,-54.57380294799805,-4.374585151672363,1.5291427373886108,-55.92391586303711,-2.5050265789031982,-4.893903732299805,-45.4516716003418,-4.4223480224609375,-1.8883192539215088,-53.00091552734375,0.4887438118457794,-1.7683677673339844,-40.51276397705078,-4.4247331619262695,0.9479373097419739,-55.26053237915039,-4.3626275062561035,0.5918779373168945,-54.971031188964844,-4.791187286376953,-7.8048858642578125,-48.99213790893555,-4.014756202697754,3.601872682571411,-56.38190841674805,0.9612767100334167,7.822791576385498,-46.16265869140625,-4.52223539352417,-1.166252851486206,-53.21452713012695,0.8638731241226196,7.396663665771484,-47.037410736083984,1.3641148805618286,-1.044964075088501,-39.222679138183594,3.632822275161743,1.3503769636154175,-35.24734115600586,-4.529067516326904,-0.045887529850006104,-54.210731506347656,-5.0151801109313965,-5.71811056137085,-50.868492126464844,-1.9093706607818604,5.103227615356445,-51.89399337768555,-0.1754954308271408,-2.419841766357422,-41.686336517333984,1.8700200319290161,-0.2471153736114502,-37.633968353271484,-4.7023701667785645,-3.0592448711395264,-52.17772674560547,-0.6746034622192383,-2.745758056640625,-42.2830924987793,4.84556245803833,6.543022632598877,-36.489707946777344,-4.057058811187744,3.1990671157836914,-56.525146484375,-2.485992193222046,4.516783714294434,-53.07996368408203,-0.8695276379585266,6.285751819610596,-49.496395111083984,-4.403817653656006,1.3935920000076294,-55.54164505004883,2.7589900493621826,0.5839450359344482,-36.12642288208008,-4.212412357330322,2.61407732963562,-56.5238037109375,3.160430908203125,1.0014595985412598,-35.4848518371582,-4.247869491577148,-2.725524663925171,-52.38937759399414,-1.920048475265503,-4.008432388305664,-44.226280212402344,4.140676975250244,10.372766494750977,-41.640132904052734,5.053981781005859,10.0435209274292,-39.12835693359375,-5.209773063659668,-5.951000213623047,-50.262359619140625,3.5020558834075928,10.101613998413086,-42.474273681640625,4.988990306854248,10.986785888671875,-39.93782424926758,-3.7104835510253906,-5.863924026489258,-46.831050872802734,-4.702481269836426,-2.681781053543091,-52.392616271972656,1.2604737281799316,-0.7761244177818298,-38.59334945678711,4.742121696472168,3.8705990314483643,-34.039344787597656,-4.425797939300537,2.569181442260742,-56.38751220703125,4.04375696182251,1.886026382446289,-33.800933837890625,4.6977763175964355,11.003531455993652,-40.481502532958984,5.037801742553711,10.737282752990723,-39.53718948364258,-5.1859259605407715,-6.421403408050537,-50.18673324584961,-1.4490697383880615,-3.550013542175293,-43.4085807800293,0.025093605741858482,6.799118995666504,-48.377662658691406,-4.810062408447266,-7.315685749053955,-48.64513397216797,-2.6406421661376953,-4.274252891540527,-44.71856689453125,-1.4496532678604126,5.441285610198975,-51.125144958496094,-4.718742370605469,-2.0586025714874268,-52.7617073059082,0.37103793025016785,7.3177995681762695,-47.525672912597656,-5.17070198059082,-7.175082683563232,-49.51042556762695,-1.1392755508422852,-3.076273202896118,-42.7493896484375,4.599213123321533,6.282417297363281,-35.94169235229492,0.6719618439674377,-1.2931090593338013,-39.711219787597656,4.377078533172607,4.529943466186523,-34.09916305541992,1.6699329614639282,8.826350212097168,-44.867252349853516,-4.463924407958984,-0.7369579672813416,-53.52961730957031,-4.382192611694336,-6.602144241333008,-47.77739334106445,3.438875436782837,1.4256011247634888,-34.64644241333008,-3.9621212482452393,3.9161789417266846,-55.208763122558594,4.6515889167785645,3.479948043823242,-33.813663482666016,-5.199417591094971,-4.9088921546936035,-51.147544860839844,-4.956125736236572,-3.878401279449463,-51.37257766723633,-5.06148624420166,-3.5266292095184326,-51.562767028808594,4.315932750701904,2.0993306636810303,-32.70009231567383,-1.1777160167694092,6.012631416320801,-50.03392791748047,4.762482643127441,8.535809516906738,-37.4754638671875,4.442339897155762,8.07999324798584,-36.97388458251953,4.6623616218566895,8.955246925354004,-37.86307144165039,2.1534013748168945,0.28651466965675354,-36.541629791259766,4.773931980133057,9.487248420715332,-38.00362014770508,-3.481891632080078,4.286100387573242,-54.33027267456055,-3.4839046001434326,-4.71483850479126,-45.731781005859375,1.9263314008712769,0.00414245156571269,-37.09297561645508,-4.745074272155762,2.286778688430786,-55.699161529541016,-4.767191410064697,-0.14338475465774536,-53.83048629760742,2.0168166160583496,9.052263259887695,-44.47515106201172,2.8729662895202637,9.995101928710938,-42.948978424072266,-0.5423962473869324,-2.3003973960876465,-41.50299835205078,4.366016387939453,3.042494297027588,-33.49238967895508,-5.093974590301514,-1.0070680379867554,-52.87310028076172,-4.530215263366699,3.2054176330566406,-55.9964485168457,-3.6252048015594482,-5.137455940246582,-46.28484344482422,-0.07157985121011734,-1.6199945211410522,-40.210323333740234,-5.31845235824585,-6.615383625030518,-49.478267669677734,-5.4215874671936035,-5.232708930969238,-50.246578216552734,-4.952378749847412,-0.5370903015136719,-53.00357437133789,4.6438493728637695,10.657906532287598,-38.30297088623047,4.3307271003723145,5.721995830535889,-35.217613220214844,-5.227297782897949,-6.622575283050537,-48.73538589477539,4.724168300628662,12.069059371948242,-39.497310638427734,0.9904966950416565,-0.3898797929286957,-37.84330368041992,-1.565190315246582,-2.895852565765381,-42.512290954589844,-4.940155029296875,1.3694974184036255,-54.62548065185547,1.0298309326171875,8.509452819824219,-45.37974166870117,4.528940200805664,11.460212707519531,-38.5675048828125,4.1248345375061035,7.049623012542725,-35.970882415771484,-2.4382684230804443,-3.604290008544922,-43.74228286743164,-4.4934515953063965,3.623387098312378,-55.656097412109375,-5.1600751876831055,-2.8505825996398926,-51.83126449584961,-5.134400367736816,-1.6504576206207275,-52.38237380981445,-3.2929582595825195,-4.293503761291504,-45.26222610473633,3.7787649631500244,11.56991958618164,-40.929054260253906,4.538928031921387,11.803105354309082,-40.06211853027344,-4.996880054473877,-0.29896023869514465,-53.32548141479492,-3.0279386043548584,4.646778106689453,-52.80690002441406,3.3499836921691895,10.930602073669434,-41.86172866821289,-1.105568528175354,-2.4550132751464844,-41.75550842285156,2.24515438079834,0.7102723717689514,-35.71676254272461,4.063661098480225,2.8246564865112305,-32.94305419921875,4.046885013580322,6.299579620361328,-35.590240478515625,-5.4401068687438965,-3.3898630142211914,-50.85382843017578,2.882996082305908,1.1636667251586914,-34.863346099853516,-2.1899876594543457,5.425603866577148,-51.26118469238281,-3.0066699981689453,-3.8381526470184326,-44.476436614990234,-0.9102474451065063,6.551023483276367,-48.97078323364258,-0.7316712737083435,-2.0348496437072754,-41.0573616027832,1.08362877368927,-0.055702243000268936,-37.296016693115234,-4.667665004730225,-5.565548419952393,-47.29914855957031,-2.588696241378784,5.114500522613525,-51.86951446533203,4.4564361572265625,7.437178611755371,-36.464107513427734,-5.452719211578369,-4.2579665184021,-50.79399108886719,4.110999584197998,8.568907737731934,-36.82081985473633,0.3879461884498596,-0.970681369304657,-39.055511474609375,2.9659197330474854,10.510973930358887,-42.452056884765625,3.3396644592285156,1.66615891456604,-33.82427215576172,4.294421195983887,5.153768062591553,-34.56498336791992,-5.178415298461914,0.45896315574645996,-53.56758117675781,-4.076225757598877,4.1732306480407715,-53.831512451171875,-3.6161842346191406,4.596176624298096,-52.800655364990234,-4.122365474700928,-5.232276916503906,-46.540740966796875,4.255902290344238,8.830385208129883,-37.334083557128906,3.7871193885803223,2.075201988220215,-32.99919891357422,4.915614128112793,2.4211578369140625,-31.644271850585938,4.573939323425293,2.2470927238464355,-31.74245262145996,4.022849082946777,2.337763547897339,-32.20551681518555,4.449539661407471,11.865930557250977,-38.513458251953125,4.419970989227295,3.5714805126190186,-33.031681060791016,-0.21594877541065216,7.715859889984131,-46.896942138671875,4.336368560791016,2.5457231998443604,-32.403560638427734,4.116537570953369,11.591690063476562,-40.505191802978516,4.2198944091796875,3.131409168243408,-32.26200866699219,4.527228832244873,2.951268196105957,-31.86033821105957,-5.458157539367676,-5.877696514129639,-49.03092575073242,-4.760379791259766,3.3040597438812256,-55.36280822753906,-1.950149416923523,5.832860946655273,-50.26555633544922,-5.366405010223389,-5.668994903564453,-48.40907669067383,-5.079184532165527,-5.577151298522949,-47.801570892333984,-0.7202842831611633,6.89362907409668,-48.22113037109375,3.7886762619018555,6.04899787902832,-34.80720138549805,2.169842481613159,10.01285171508789,-43.254486083984375,4.442718982696533,9.924445152282715,-37.709938049316406,-5.032662391662598,2.374664545059204,-54.78471374511719,3.91188645362854,4.223119258880615,-33.27641296386719,1.2380528450012207,9.459346771240234,-44.19065475463867,1.9835747480392456,0.9418517351150513,-35.31010437011719,2.5909640789031982,1.4323863983154297,-34.26463317871094,-0.13097570836544037,-0.7220685482025146,-38.876121520996094,4.327253341674805,9.352853775024414,-37.44026184082031,-4.539386749267578,-4.680245399475098,-46.46864318847656,-3.2176480293273926,5.095512866973877,-51.56578063964844,-1.7394676208496094,6.24434757232666,-49.405662536621094,0.18215614557266235,8.22291088104248,-45.82680130004883,3.9358489513397217,8.229462623596191,-36.485130310058594,4.322196006774902,10.839473724365234,-37.923641204833984,-0.7557369470596313,7.285171985626221,-47.66248321533203,-5.802128791809082,-4.32689094543457,-49.26127243041992,-5.69215726852417,-2.6855309009552,-50.86980438232422,-5.491917610168457,-1.716519832611084,-51.75908279418945,4.0456719398498535,12.225090026855469,-39.8952522277832,-1.0381700992584229,-1.5807217359542847,-40.47964859008789,1.3379451036453247,0.43332552909851074,-36.3719482421875,4.187008857727051,3.7281978130340576,-32.74053955078125,4.079845905303955,2.6826627254486084,-31.9813232421875,-4.636447429656982,3.5926403999328613,-54.226993560791016,2.5623250007629395,1.6247605085372925,-33.80973815917969,3.7830824851989746,5.487635135650635,-34.3010368347168,-5.615962505340576,-0.9178459644317627,-52.07364273071289,4.3651909828186035,12.780768394470215,-39.19015121459961,-2.296236753463745,-2.4520816802978516,-42.2539176940918,-2.909557580947876,-3.2110395431518555,-43.59667205810547,-1.4577103853225708,-2.0269739627838135,-41.309749603271484,-2.822413444519043,5.392507076263428,-51.12301254272461,-5.0523176193237305,3.030876874923706,-54.257625579833984,2.0065228939056396,1.3228321075439453,-34.682491302490234,2.951780080795288,1.8517920970916748,-33.30694580078125,3.8745272159576416,4.957484722137451,-33.84861755371094,-5.651750087738037,-4.020837306976318,-49.79438781738281,-1.4085546731948853,6.840281963348389,-48.25774383544922,3.029355525970459,2.216620445251465,-33.09908676147461,4.2038679122924805,10.092386245727539,-37.725711822509766,-5.376891136169434,1.2064449787139893,-53.368438720703125,3.649437189102173,7.539466381072998,-35.8377799987793,2.8304524421691895,11.386833190917969,-41.582679748535156,-4.057047367095947,-3.7679388523101807,-45.39236831665039,-5.558520317077637,-5.1682915687561035,-48.72135543823242,-5.519378185272217,-0.4733995497226715,-52.29182434082031,-2.4635050296783447,5.747464179992676,-50.337154388427734,1.8001866340637207,10.413290023803711,-42.786705017089844,3.6517555713653564,12.596373558044434,-40.03409957885742,-3.618163585662842,4.757308483123779,-51.957759857177734,0.8407996892929077,9.084532737731934,-44.6399040222168,-5.621243953704834,-4.801724910736084,-49.123802185058594,-1.1201390027999878,-0.9836259484291077,-39.85974884033203,0.2775156795978546,0.04801305755972862,-37.542747497558594,3.608433246612549,2.758371114730835,-32.26144027709961,3.922962188720703,9.519956588745117,-37.135047912597656,4.011399269104004,10.049816131591797,-37.40752029418945,-5.403916835784912,1.8569666147232056,-53.179954528808594,-1.3694292306900024,7.091492176055908,-47.63921356201172,-5.60870361328125,0.031255245208740234,-52.43256378173828,0.256639301776886,8.885866165161133,-44.94065475463867,3.4633960723876953,3.1538336277008057,-32.38911819458008,2.027705192565918,1.6100214719772339,-34.28385925292969,3.495774269104004,3.8444204330444336,-32.86681365966797,3.507063627243042,6.461468696594238,-35.222381591796875,4.013914108276367,12.700907707214355,-38.755672454833984,1.1864744424819946,1.1656595468521118,-35.475826263427734,1.0468051433563232,0.8164082765579224,-36.018741607666016,-4.032040596008301,4.516941547393799,-52.481990814208984,3.8748109340667725,11.398412704467773,-37.83980178833008,-4.565028190612793,3.970365524291992,-53.0597038269043,-2.509023666381836,5.991127014160156,-49.3742790222168,-5.418287754058838,-4.693650722503662,-47.89109802246094,-5.28952169418335,2.6947643756866455,-53.29446792602539,-5.861270904541016,-2.998079538345337,-49.73971176147461,3.2977919578552246,12.183632850646973,-40.56549835205078,1.8193126916885376,10.914250373840332,-42.13562774658203,3.4970977306365967,8.301770210266113,-36.27305603027344,3.559635877609253,9.811319351196289,-37.01092529296875,3.1940364837646484,2.679230213165283,-32.28826141357422,3.8543436527252197,10.667388916015625,-37.53909683227539,3.3788962364196777,4.960223197937012,-33.778114318847656,-1.875862956047058,6.635289192199707,-48.265769958496094,-0.6489837169647217,8.133740425109863,-45.87844467163086,-3.8037354946136475,-3.191803216934204,-44.50464630126953,4.102118968963623,12.5762939453125,-38.38351058959961,-0.49195224046707153,-0.05464097857475281,-38.263587951660156,-0.9837799072265625,-0.5957715511322021,-39.30497360229492,3.1000750064849854,2.5426366329193115,-32.72135925292969,1.0806511640548706,9.9927339553833,-43.164215087890625,3.7141098976135254,10.377500534057617,-37.20745849609375,2.85274076461792,12.125519752502441,-40.688568115234375,4.050589084625244,13.110718727111816,-38.940155029296875,-5.706460952758789,-4.332442760467529,-48.45509338378906,-5.880997657775879,-1.2199673652648926,-50.9482421875,-3.7139031887054443,5.005790710449219,-51.00537109375,2.9513587951660156,5.876870632171631,-34.45619583129883,-3.084390163421631,5.577602386474609,-50.19952392578125,3.711655616760254,13.238357543945312,-39.20451736450195,0.5373064279556274,9.447098731994629,-43.92761993408203,-5.213395595550537,-4.1952223777771,-47.15048599243164,-2.0467987060546875,-1.3397228717803955,-40.9008903503418,-1.1996697187423706,7.43118143081665,-47.0887336730957,2.389319658279419,2.598572254180908,-33.15300750732422,3.477553129196167,8.960067749023438,-36.801143646240234,3.0320334434509277,6.3818359375,-34.95073699951172,3.7992024421691895,11.982881546020508,-37.78953170776367,-2.6363964080810547,-2.0475409030914307,-42.041568756103516,1.6718930006027222,11.128713607788086,-41.76384353637695,2.917327404022217,7.210122108459473,-35.58054733276367,-0.25306612253189087,8.568942070007324,-45.221622467041016,0.18708620965480804,0.8773484230041504,-36.614418029785156,-4.716573238372803,-3.710615634918213,-46.15235137939453,-2.4632062911987305,6.419461727142334,-48.32734298706055,0.21358171105384827,9.202054023742676,-44.256507873535156,-2.9328112602233887,5.979243278503418,-48.66195297241211,2.221796989440918,11.48075008392334,-41.4656867980957,3.0063304901123047,4.705862998962402,-33.4844856262207,-3.3982999324798584,-2.635256290435791,-43.511844635009766,-5.8097453117370605,0.9035915732383728,-51.482643127441406,-4.749421119689941,-2.736257791519165,-45.4344482421875,3.2234106063842773,12.76548957824707,-39.87982940673828,2.9068374633789062,4.181149005889893,-33.13444900512695,-5.812836170196533,-3.050196886062622,-48.434326171875,1.1343939304351807,10.559747695922852,-42.31886291503906,2.9506568908691406,8.76841926574707,-36.7116813659668,-1.2482154369354248,7.714391708374023,-46.39104461669922,-5.583725929260254,-3.8584091663360596,-47.60210418701172,3.6799750328063965,11.428071975708008,-37.62724685668945,2.538677930831909,3.794240713119507,-33.15547561645508,-5.935991287231445,0.0462491437792778,-51.09855270385742,2.6214869022369385,3.199679136276245,-32.643638610839844,3.8675100803375244,13.154796600341797,-38.219383239746094,3.843534231185913,13.629069328308105,-38.770408630371094,-5.139513969421387,3.3126983642578125,-52.43233871459961,-5.826597690582275,-3.441101312637329,-47.99467468261719,-4.399132251739502,4.343044281005859,-51.309165954589844,2.7194125652313232,5.465324401855469,-34.08124542236328,0.7813138961791992,10.353029251098633,-42.48264694213867,3.1586854457855225,8.345230102539062,-36.26502990722656,1.2308380603790283,1.8342984914779663,-34.773555755615234,-5.014647006988525,3.6526541709899902,-51.6884880065918,-2.1400012969970703,6.785653591156006,-47.717002868652344,-0.6032077670097351,0.5276025533676147,-37.748924255371094,-5.965714931488037,-2.361518144607544,-49.401390075683594,-1.8928905725479126,7.252208232879639,-46.77275848388672,-2.0612640380859375,-0.4988788962364197,-40.11892318725586,2.9691388607025146,9.548580169677734,-36.725101470947266,3.44942307472229,10.985269546508789,-37.43684005737305,-5.085284233093262,-3.2870283126831055,-46.50783920288086,-3.263969659805298,-1.8286080360412598,-42.54508972167969,4.0810465812683105,13.839750289916992,-38.66305923461914,3.045024871826172,10.363903999328613,-37.1069221496582,2.20701265335083,11.897920608520508,-40.77147674560547,2.753685235977173,8.101696968078613,-35.95944595336914,-5.484766483306885,2.4751720428466797,-52.09109115600586,-5.999812126159668,-0.9399295449256897,-50.165992736816406,-3.6009533405303955,5.341586112976074,-49.681724548339844,1.4821250438690186,2.673637866973877,-33.87183380126953,-4.3637166023254395,-2.1987411975860596,-44.4485969543457,-5.623996257781982,2.26155424118042,-51.361061096191406,-0.40103891491889954,9.117351531982422,-44.02197265625,0.35593315958976746,9.89009952545166,-42.88726043701172,2.9747886657714844,12.762457847595215,-39.62705612182617,3.499938488006592,12.479484558105469,-37.931419372558594,-5.433181285858154,-3.268360137939453,-46.74681091308594,-2.7773003578186035,-1.1018017530441284,-41.370338439941406,2.683995008468628,6.627983570098877,-35.10062026977539,-0.5151939988136292,0.9842040538787842,-37.19719314575195,2.5109076499938965,8.635915756225586,-36.47455978393555,2.471898078918457,4.762722492218018,-33.66585159301758,-1.3177614212036133,0.03309721127152443,-38.98335266113281,-5.719734191894531,-2.6419336795806885,-47.76042556762695,2.3582091331481934,12.264792442321777,-40.164649963378906,3.512827157974243,13.478925704956055,-38.503074645996094,-4.748898983001709,4.032496452331543,-50.90496826171875,1.6433030366897583,11.422097206115723,-41.10039138793945,2.2624335289001465,7.2734503746032715,-35.62134552001953,-0.766205906867981,8.720189094543457,-44.53074264526367,3.240117073059082,11.887262344360352,-37.663291931152344,3.747407913208008,13.6884765625,-38.252197265625,1.8791112899780273,3.4319653511047363,-33.23407745361328,-1.3038901090621948,8.194062232971191,-45.21235656738281,-0.023846732452511787,9.442728042602539,-43.29831314086914,2.778836965560913,9.837870597839355,-36.91213607788086,3.704821825027466,14.314367294311523,-38.56578063964844,-5.9411139488220215,-1.5563985109329224,-48.621253967285156,-1.8620105981826782,7.6291303634643555,-45.89097213745117,3.0062272548675537,12.78024959564209,-38.39120864868164,0.08091407269239426,2.131883382797241,-35.668087005615234,2.30258846282959,6.868612289428711,-35.1341438293457,3.0443148612976074,12.934624671936035,-38.880332946777344,1.9737063646316528,5.1582159996032715,-34.004669189453125,1.6774656772613525,3.2462451457977295,-33.44681930541992,2.1851696968078613,6.243586540222168,-34.74692153930664,3.5918734073638916,14.181234359741211,-38.216888427734375,2.497206687927246,9.094855308532715,-36.55086898803711,3.013885736465454,12.529349327087402,-38.03300857543945,3.2841174602508545,13.18014907836914,-38.246212005615234,-4.965685844421387,-2.432223081588745,-45.24101638793945,0.6138894557952881,2.616116762161255,-34.77973937988281,-5.432579040527344,-2.3147847652435303,-46.91059494018555,2.7167601585388184,11.540855407714844,-37.60371780395508,1.7360777854919434,4.297241687774658,-33.82078552246094,-5.994094371795654,-0.18876345455646515,-49.78080749511719,-5.3375244140625,-2.551914691925049,-46.22349548339844,-4.787383556365967,4.07065486907959,-50.01036071777344,-4.144368648529053,4.943721771240234,-49.11775207519531,-3.588789939880371,5.535452365875244,-48.64887237548828,-5.847515106201172,1.2471073865890503,-50.5401725769043,1.0206753015518188,10.838468551635742,-41.584022521972656,1.83121919631958,8.20287799835205,-36.21795654296875,-5.234066486358643,3.3685429096221924,-50.657989501953125,1.7628837823867798,12.017328262329102,-40.016963958740234,2.158461093902588,12.357429504394531,-39.2279167175293,-3.7922024726867676,-1.2697198390960693,-42.98097229003906,-2.950299024581909,6.472560405731201,-47.035667419433594,-0.41512632369995117,1.9347046613693237,-36.40079116821289,2.7044832706451416,10.769895553588867,-37.27629852294922,2.3442230224609375,9.488350868225098,-36.73988723754883,-5.742818832397461,-1.834082007408142,-47.64165115356445,-1.7356075048446655,0.4805832803249359,-39.1541633605957,2.790358543395996,13.083534240722656,-38.41039276123047,-4.257050037384033,-1.4355478286743164,-43.42152404785156,-3.056816577911377,-0.13514576852321625,-40.927677154541016,-5.850063800811768,-0.9496893882751465,-47.95658874511719,2.3908607959747314,10.288533210754395,-37.1334228515625,1.4347432851791382,3.9181196689605713,-34.0386848449707,-5.212667465209961,-2.0307528972625732,-45.49391555786133,-3.573399305343628,5.661885738372803,-47.93723678588867,-1.7069541215896606,1.5077768564224243,-38.286678314208984,0.8757543563842773,3.19258189201355,-34.17265319824219,1.0902632474899292,11.41944408416748,-40.28181838989258,1.4874929189682007,5.557620048522949,-34.6388053894043,-5.769466876983643,1.8868184089660645,-49.9431037902832,-5.92415189743042,-0.23571035265922546,-48.724788665771484,0.18280193209648132,10.275032997131348,-41.729122161865234,0.6205750703811646,10.613675117492676,-41.59750747680664,1.8424930572509766,8.791046142578125,-36.44038772583008,-5.257409572601318,-1.5200468301773071,-45.866355895996094,-5.491987228393555,-0.9953345656394958,-46.38369369506836,1.6184048652648926,6.8489089012146,-35.32619094848633,-0.21744079887866974,9.756185531616211,-42.492610931396484,-5.659923076629639,-1.1266006231307983,-47.08319854736328,-5.922701358795166,0.5298328995704651,-49.05610275268555,-4.702645778656006,-1.462687611579895,-44.254417419433594,0.8145899176597595,3.6151304244995117,-34.3780517578125,-1.427886962890625,8.423359870910645,-44.341590881347656,-1.196850061416626,8.724579811096191,-43.67268371582031,-1.2789576053619385,1.9689643383026123,-37.372344970703125,1.34161376953125,7.615438461303711,-36.10315704345703,-2.0665600299835205,0.9917680025100708,-39.32389450073242,0.9623680710792542,4.694266319274902,-34.73164367675781,2.4025118350982666,11.987113952636719,-37.82170867919922,-5.380877494812012,2.9322214126586914,-49.5031623840332,-2.8936986923217773,6.707472801208496,-45.96660614013672,-0.891681969165802,8.947667121887207,-42.94557571411133,0.678815484046936,10.980340003967285,-40.6765251159668,-4.7772650718688965,4.119556903839111,-48.85861587524414,-3.8825249671936035,-0.9059717655181885,-42.358131408691406,-0.2795301377773285,2.9809794425964355,-35.608882904052734,2.026838541030884,11.59484577178955,-37.730106353759766,2.258699655532837,12.053791046142578,-38.276580810546875,2.180635452270508,12.522590637207031,-38.50360870361328,-5.750526428222656,0.5293632745742798,-47.762088775634766,1.801992416381836,9.577483177185059,-36.87582778930664,-5.218405246734619,-0.8232899308204651,-45.51144790649414,-5.750927925109863,1.512901782989502,-48.808109283447266,-4.507626533508301,-0.845413863658905,-43.94514846801758,-5.670294284820557,-0.2811768651008606,-47.20716857910156,1.8990880250930786,10.728704452514648,-37.43738555908203,-2.182866096496582,7.757905006408691,-44.7117805480957,-4.162680625915527,5.038994789123535,-47.80555725097656,-3.819993019104004,5.446313858032227,-47.00957107543945,1.5520375967025757,12.009039878845215,-39.34733200073242,1.911575198173523,12.463374137878418,-39.0169677734375,-4.978201866149902,3.766604423522949,-48.73292922973633,-3.250014066696167,0.09397852420806885,-40.710472106933594,0.08814037591218948,3.9668197631835938,-34.9252815246582,-3.857588529586792,-0.09285125881433487,-42.00001525878906,-0.10421709716320038,3.398228645324707,-35.13751220703125,1.0820116996765137,5.99028205871582,-35.1159553527832,0.7332519888877869,5.439123630523682,-35.125038146972656,1.3372828960418701,10.359386444091797,-37.49728775024414,0.9265043139457703,6.81821870803833,-35.69369125366211,-4.173476219177246,-0.3030552268028259,-43.28472900390625,-3.5958197116851807,5.847263336181641,-45.904850006103516,-5.524325847625732,0.2989040017127991,-46.69166564941406,-5.290949821472168,2.8938217163085938,-48.27001953125,-4.892665386199951,-0.171073317527771,-44.64060974121094,-4.419706344604492,0.16007882356643677,-43.552127838134766,-1.2415597438812256,8.8370361328125,-42.21133041381836,-5.2884697914123535,-0.06712938845157623,-45.711204528808594,0.3006603419780731,10.751206398010254,-39.925838470458984,1.709067940711975,11.622623443603516,-38.37198257446289,-2.395521640777588,0.946336030960083,-39.300228118896484,0.9163085222244263,8.093439102172852,-36.42950439453125,0.10603434592485428,4.512399673461914,-35.29780197143555,-0.5414568185806274,9.6504487991333,-41.602134704589844,0.8518216013908386,11.451703071594238,-39.374691009521484,-5.587043285369873,1.5830456018447876,-47.71187210083008,-4.906332015991211,3.7236640453338623,-47.697601318359375,1.4584589004516602,12.092276573181152,-38.81060791015625,-1.4529885053634644,8.481233596801758,-42.798484802246094,-5.3685994148254395,2.4276483058929443,-47.60679244995117,-1.6752487421035767,1.9215521812438965,-37.60746765136719,-5.032453536987305,0.6732456088066101,-45.00300598144531,-5.523856163024902,1.118357539176941,-46.97161865234375,0.790267288684845,9.397806167602539,-37.29812240600586,-4.473328590393066,4.3310980796813965,-46.519351959228516,-0.27424871921539307,10.027169227600098,-40.88548278808594,0.6745051741600037,8.777837753295898,-37.003692626953125,-2.863607406616211,1.0378026962280273,-39.974361419677734,-2.275559902191162,1.5764379501342773,-38.877845764160156,-0.8773592114448547,2.686709403991699,-36.2531623840332,-0.024875478819012642,5.1173787117004395,-35.64440155029297,-3.5603537559509277,0.5302372574806213,-41.119258880615234,0.4068424105644226,6.695629119873047,-36.01321029663086,-4.746276378631592,0.9309520721435547,-44.292545318603516,-3.0013153553009033,6.816765785217285,-44.89463806152344,-5.3642578125,0.9687274098396301,-46.12934494018555,-4.049591064453125,5.0440673828125,-45.93910217285156,-2.3438639640808105,7.658617973327637,-43.6193962097168,-4.445645809173584,0.8316906094551086,-43.476783752441406,1.0029906034469604,10.81478500366211,-38.0270881652832,0.29404908418655396,7.060646057128906,-36.49381637573242,-5.225618839263916,2.472041368484497,-46.792198181152344,-4.979496479034424,3.171100616455078,-46.77088928222656,-4.133036136627197,1.0167030096054077,-42.69120407104492,0.9642993211746216,10.942445755004883,-38.53110122680664,-3.2353463172912598,1.2567393779754639,-40.71501541137695,-2.391394853591919,1.9056859016418457,-39.444786071777344,-5.292455673217773,1.8637150526046753,-46.43503189086914,-2.971386671066284,2.396634817123413,-40.22574234008789,-1.803333044052124,2.4953560829162598,-37.60055923461914,-3.745867967605591,1.1883745193481445,-41.71757125854492,0.5880824327468872,11.07532787322998,-39.09514236450195,-5.088294506072998,1.5421065092086792,-45.331382751464844,-0.6427306532859802,3.625096321105957,-35.809173583984375,0.2594802975654602,8.161102294921875,-36.932838439941406,-4.16331148147583,1.4932506084442139,-42.757266998291016,-2.4909329414367676,2.6723999977111816,-39.26091384887695,-0.230391263961792,5.596173286437988,-36.12010192871094,-4.708929538726807,3.5131142139434814,-45.83173751831055,-4.942260265350342,2.2401444911956787,-45.379249572753906,-4.672586917877197,1.652970552444458,-44.249874114990234,-0.10958440601825714,10.264813423156738,-39.73965072631836,0.6581192016601562,10.007901191711426,-37.77806854248047,-1.0927890539169312,3.3994195461273193,-36.770103454589844,-2.038980007171631,2.969831943511963,-38.238616943359375,-4.930088996887207,2.7307918071746826,-45.8221321105957,-3.290123462677002,6.375372409820557,-44.450748443603516,-2.0363893508911133,7.8586626052856445,-42.3155403137207,-4.330957412719727,2.26768159866333,-43.474971771240234,-4.365196228027344,3.964433193206787,-44.83283996582031,-3.982518196105957,5.015485763549805,-45.06312942504883,-0.642863929271698,4.443589210510254,-36.12217330932617,-0.8943724036216736,9.321084976196289,-41.143917083740234,-0.14767731726169586,7.299963474273682,-36.93264389038086,-3.5340826511383057,2.2180087566375732,-41.28691482543945,-0.21303729712963104,6.310503005981445,-36.44577407836914,-4.622653007507324,3.1696126461029053,-44.95560836791992,-4.486296653747559,2.4928200244903564,-43.93210983276367,0.11177722364664078,10.160310745239258,-38.919795989990234,-1.7769265174865723,2.9954991340637207,-37.78536605834961,0.38852930068969727,10.114964485168457,-38.212554931640625,-2.758033514022827,3.23708176612854,-39.768638610839844,-3.9789226055145264,2.3309342861175537,-42.42755889892578,-4.647979736328125,2.595585584640503,-44.58482360839844,-1.3424477577209473,3.8663980960845947,-37.111209869384766,-0.7958927750587463,9.330048561096191,-40.17746353149414,-2.3422982692718506,3.3508191108703613,-38.83365249633789,-1.5571575164794922,8.473673820495605,-41.427398681640625,-0.09092459827661514,7.992244243621826,-37.26099395751953,0.08851984143257141,8.881977081298828,-37.626739501953125,-3.6867475509643555,5.5371623039245605,-44.23725128173828,-2.518612861633301,7.1285810470581055,-42.18866729736328,-3.994878053665161,3.22450852394104,-42.85532760620117,-0.9234293699264526,5.6690521240234375,-36.92750549316406,-3.9762744903564453,4.665900230407715,-44.132869720458984,-1.3573023080825806,5.068874359130859,-37.35139465332031,-3.296344518661499,6.267284870147705,-43.8380126953125,-2.956543445587158,6.666179180145264,-43.079368591308594,-1.476932168006897,8.487936973571777,-40.7213249206543,-0.018430909141898155,9.553316116333008,-38.25271224975586,-3.7897024154663086,3.0251660346984863,-42.17079544067383,-4.192068099975586,3.6216084957122803,-43.75668716430664,-1.585485816001892,4.303059101104736,-37.529937744140625,-0.7655126452445984,6.520474433898926,-37.17965316772461,-0.47941529750823975,9.468598365783691,-39.1597900390625,-3.366769313812256,3.1279728412628174,-41.088016510009766,-2.0640461444854736,4.1425628662109375,-38.35866928100586,-3.0382192134857178,3.8164217472076416,-40.51917266845703,-3.8422815799713135,4.423717021942139,-43.196380615234375,-3.6505420207977295,5.283411979675293,-43.46717071533203,-0.7161359786987305,7.662471294403076,-37.79341506958008,-0.5310840010643005,8.416295051574707,-38.06706619262695,-3.7123799324035645,3.654541015625,-42.21921920776367,-1.149147868156433,8.61993408203125,-39.75883102416992,-2.1383330821990967,7.569908618927002,-41.27680969238281,-3.1442294120788574,5.988114833831787,-42.52245330810547,-0.7299424409866333,8.807333946228027,-38.766231536865234,-2.44469952583313,4.339165687561035,-39.213592529296875,-2.2121293544769287,4.81594705581665,-38.817626953125,-1.1142139434814453,6.538620471954346,-37.646453857421875,-1.8917829990386963,5.109602451324463,-38.27492141723633,-3.288191556930542,4.439152717590332,-41.51638412475586,-3.3885393142700195,5.079859733581543,-42.361026763916016,-1.7812331914901733,7.4740400314331055,-39.86526870727539,-2.828960418701172,4.3797454833984375,-40.1633415222168,-3.0105292797088623,5.287132263183594,-41.285133361816406,-2.5841922760009766,6.672628879547119,-41.322540283203125,-1.3194042444229126,7.770467758178711,-38.96503829956055,-2.3327133655548096,6.7107648849487305,-40.532230377197266,-1.7047836780548096,5.94356107711792,-38.28543472290039,-2.76912522315979,5.985208511352539,-41.14012145996094,-2.6704320907592773,5.181707382202148,-40.08595657348633,-1.5878973007202148,6.771960258483887,-38.61079025268555,-2.1706199645996094,5.916224956512451,-39.27586364746094
