/home/arvardaz/SFT_with_CNN/output2/1489510020.6319168_313.png,-2.7203528881073,2.2969560623168945,14.645332336425781,-2.7246108055114746,2.5567450523376465,14.793660163879395,-2.4051413536071777,2.4293832778930664,14.6991605758667,-2.8910603523254395,2.3899292945861816,14.729142189025879,-2.529811382293701,2.645066261291504,14.837170600891113,-2.524801254272461,2.832606315612793,14.955984115600586,-2.771873712539673,2.7883074283599854,14.948893547058105,-2.6338024139404297,2.9550838470458984,15.054862022399902,-2.4027135372161865,2.7215335369110107,14.885440826416016,-2.520278215408325,2.2168962955474854,14.588486671447754,-2.928086757659912,2.6538918018341064,14.891234397888184,-2.322721481323242,2.1313908100128174,14.559066772460938,-2.5120365619659424,2.9568793773651123,15.056543350219727,-2.1449389457702637,2.5465118885040283,14.813326835632324,-2.6676485538482666,2.093679904937744,14.543177604675293,-3.1193859577178955,2.5691702365875244,14.899877548217773,-2.888803243637085,2.9319052696228027,15.075106620788574,-2.1582136154174805,2.3262765407562256,14.681963920593262,-2.2017669677734375,2.8767926692962646,15.018864631652832,-2.2636971473693848,2.7948951721191406,14.951092720031738,-2.13800048828125,2.7075846195220947,14.912652015686035,-2.969679355621338,2.0664258003234863,14.593833923339844,-3.048567295074463,2.869853973388672,15.065796852111816,-2.257965087890625,3.0180504322052,15.122920989990234,-2.7452099323272705,1.8808348178863525,14.468801498413086,-3.2086620330810547,2.3526175022125244,14.814725875854492,-2.470211982727051,1.9555329084396362,14.476038932800293,-2.6581428050994873,3.1315290927886963,15.22811222076416,-2.5534262657165527,3.1508002281188965,15.235784530639648,-2.407020092010498,3.1562576293945312,15.238434791564941,-2.1871821880340576,2.0149223804473877,14.524869918823242,-2.9194273948669434,3.0738413333892822,15.21146297454834,-3.1658401489257812,2.024127244949341,14.645879745483398,-3.2125766277313232,2.798431873321533,15.067032814025879,-2.0015408992767334,2.430898427963257,14.788822174072266,-2.0311496257781982,2.1721231937408447,14.636282920837402,-2.7801966667175293,3.1591460704803467,15.286096572875977,-2.124577045440674,2.9943289756774902,15.132881164550781,-2.5001254081726074,1.6806375980377197,14.356931686401367,-2.012185573577881,2.795639753341675,15.004992485046387,-1.8994603157043457,2.7233481407165527,14.993739128112793,-3.3140194416046143,2.478630542755127,14.93417739868164,-3.0520219802856445,3.143577814102173,15.311466217041016,-3.2015321254730225,2.9960005283355713,15.21091079711914,-2.2643861770629883,1.6807351112365723,14.372038841247559,-2.0265228748321533,2.9331541061401367,15.104839324951172,-2.879220485687256,3.199491024017334,15.33109188079834,-2.5493052005767822,3.204357624053955,15.324234008789062,-2.924518585205078,1.64792799949646,14.393322944641113,-2.7046263217926025,1.5568119287490845,14.310513496398926,-2.2297780513763428,3.110276460647583,15.225482940673828,-3.254441738128662,2.0734658241271973,14.721076965332031,-1.926975131034851,1.9486839771270752,14.573982238769531,-3.35554838180542,2.6247568130493164,15.030693054199219,-3.329714775085449,2.8458166122436523,15.157882690429688,-2.498488187789917,1.4615565538406372,14.250197410583496,-1.8668372631072998,2.497525691986084,14.878191947937012,-3.144653081893921,1.785474181175232,14.533452033996582,-2.090973377227783,1.8573740720748901,14.484651565551758,-2.679891586303711,3.2288658618927,15.333781242370605,-1.8514246940612793,2.214498996734619,14.726818084716797,-2.2322280406951904,3.253340244293213,15.379511833190918,-2.1391849517822266,3.1282191276550293,15.241072654724121,-2.266533374786377,1.4256142377853394,14.248017311096191,-3.2265775203704834,3.1689186096191406,15.377058982849121,-3.4066028594970703,2.9529225826263428,15.253240585327148,-2.5117452144622803,3.2511281967163086,15.366607666015625,-2.059189558029175,1.559083104133606,14.358415603637695,-3.2007999420166016,1.538216233253479,14.42905330657959,-2.927046298980713,1.3838188648223877,14.265361785888672,-2.621919870376587,1.2185534238815308,14.142838478088379,-2.370919704437256,1.2317453622817993,14.150491714477539,-1.9423035383224487,3.0407967567443848,15.214295387268066,-1.8511736392974854,2.9097342491149902,15.153228759765625,-1.775221347808838,2.3096556663513184,14.812768936157227,-3.351327657699585,3.2187304496765137,15.443570137023926,-2.148900032043457,3.2024362087249756,15.33051872253418,-2.7981133460998535,1.088714361190796,14.106733322143555,-3.016896963119507,3.274402141571045,15.458427429199219,-1.925405740737915,1.7123061418533325,14.47855281829834,-2.7814881801605225,3.2900869846343994,15.458853721618652,-2.681182384490967,3.320005416870117,15.494111061096191,-3.492621421813965,2.692600727081299,15.151740074157715,-2.5342764854431152,3.333583116531372,15.527769088745117,-1.77681303024292,3.0491271018981934,15.265463829040527,-1.9043936729431152,3.1947383880615234,15.34074878692627,-3.063241481781006,1.2154239416122437,14.225927352905273,-3.35168194770813,2.180351734161377,14.813319206237793,-3.520585775375366,2.9618759155273438,15.331774711608887,-2.341672658920288,0.918721616268158,14.03030014038086,-1.713967204093933,1.9635862112045288,14.689517974853516,-1.7012020349502563,2.8827309608459473,15.19261646270752,-1.7516545057296753,2.6656031608581543,15.025038719177246,-2.004406452178955,3.249450445175171,15.40430736541748,-3.349879503250122,1.8533474206924438,14.65993595123291,-2.292304277420044,3.2935659885406494,15.430081367492676,-2.0920886993408203,1.2179062366485596,14.190266609191895,-2.770963430404663,0.8667667508125305,14.014849662780762,-3.417665958404541,1.6645896434783936,14.635330200195312,-3.283513069152832,1.3159959316253662,14.362603187561035,-3.5086963176727295,2.3158295154571533,14.99470329284668,-2.517899513244629,0.8902554512023926,14.005901336669922,-3.4809932708740234,3.2269845008850098,15.495747566223145,-3.618695020675659,2.718062162399292,15.278531074523926,-3.2395410537719727,3.3229196071624756,15.575105667114258,-1.7886818647384644,3.1517984867095947,15.336816787719727,-3.0051920413970947,0.9774030447006226,14.108678817749023,-2.183373212814331,0.9735254645347595,14.079471588134766,-3.574540376663208,2.5009255409240723,15.13732624053955,-3.3518130779266357,3.255526542663574,15.541767120361328,-3.009507179260254,3.338052988052368,15.601369857788086,-1.6165510416030884,2.3834280967712402,14.961557388305664,-1.9243751764297485,1.4283225536346436,14.342203140258789,-3.5894510746002197,3.083122491836548,15.460845947265625,-2.8143982887268066,3.349663257598877,15.623846054077148,-1.7758104801177979,1.7057158946990967,14.562825202941895,-1.6621299982070923,2.0974533557891846,14.793354034423828,-2.405008554458618,0.6417438983917236,13.920125961303711,-3.4769437313079834,2.0670042037963867,14.865311622619629,-2.729243516921997,0.5777068734169006,13.902616500854492,-2.0629611015319824,3.318474531173706,15.496191024780273,-1.8439881801605225,3.226609945297241,15.411202430725098,-1.7301503419876099,3.2415072917938232,15.450782775878906,-3.4304282665252686,1.4581069946289062,14.534134864807129,-2.596078395843506,3.363018751144409,15.65597152709961,-2.1584582328796387,3.3340742588043213,15.577482223510742,-1.5887750387191772,2.7796716690063477,15.195011138916016,-1.598861813545227,2.5420823097229004,15.061525344848633,-3.2967588901519775,1.110040307044983,14.284825325012207,-3.006018877029419,0.6345168352127075,13.98326301574707,-3.5533502101898193,2.1034061908721924,14.953291893005371,-3.5340709686279297,1.8869434595108032,14.861000061035156,-2.344895839691162,3.3426058292388916,15.608891487121582,-1.850012183189392,3.326176166534424,15.525782585144043,-1.5713592767715454,3.077789068222046,15.377161979675293,-1.9677038192749023,0.976876974105835,14.136218070983887,-1.9462347030639648,1.1580601930618286,14.21370792388916,-3.4496443271636963,3.2898123264312744,15.62645149230957,-1.78763747215271,1.4955639839172363,14.460156440734863,-3.1736226081848145,0.8729075789451599,14.131040573120117,-2.619307518005371,0.41022270917892456,13.837799072265625,-3.5716490745544434,3.249948501586914,15.57967758178711,-3.2010955810546875,3.3568248748779297,15.68149471282959,-1.752991795539856,1.3139722347259521,14.386056900024414,-1.5777852535247803,2.228846549987793,14.920165061950684,-3.4597771167755127,1.8268567323684692,14.740518569946289,-3.739133596420288,2.782517910003662,15.429718017578125,-1.600761890411377,3.226393699645996,15.469590187072754,-2.1438636779785156,0.7064613103866577,13.986783027648926,-2.029168128967285,3.3756585121154785,15.667572975158691,-1.6474987268447876,3.3183200359344482,15.547551155090332,-1.5324963331222534,2.9398365020751953,15.325996398925781,-3.732139825820923,3.2127435207366943,15.640913009643555,-3.216064691543579,0.6481640934944153,14.072568893432617,-2.9130167961120605,0.4032222628593445,13.877631187438965,-3.5872466564178467,2.209226369857788,15.03052043914795,-1.6345628499984741,1.745686411857605,14.662755012512207,-1.7422271966934204,1.0914769172668457,14.292794227600098,-2.9506731033325195,3.362154722213745,15.702391624450684,-3.4446234703063965,1.2128292322158813,14.427894592285156,-1.4803102016448975,2.4625003337860107,15.134943962097168,-2.4026622772216797,3.3611578941345215,15.759783744812012,-1.5372445583343506,2.38852858543396,15.044966697692871,-3.746676206588745,3.0011868476867676,15.535761833190918,-3.639857769012451,2.26479172706604,15.12041187286377,-3.4584672451019287,0.8807187080383301,14.29904556274414,-3.3013908863067627,3.3608314990997314,15.739103317260742,-3.6519384384155273,3.346827268600464,15.811614036560059,-3.792060613632202,3.0964488983154297,15.626668930053711,-3.4761271476745605,3.3320860862731934,15.700616836547852,-1.8335487842559814,3.392822742462158,15.667223930358887,-2.277099609375,0.2855292558670044,13.813077926635742,-1.919413447380066,0.7543933987617493,14.071887969970703,-2.8979785442352295,0.24916517734527588,13.814947128295898,-3.5638556480407715,1.6824778318405151,14.795778274536133,-2.1785168647766113,3.3687899112701416,15.737934112548828,-2.0076897144317627,0.35619065165519714,13.890138626098633,-1.4403924942016602,3.1389482021331787,15.513890266418457,-1.5201328992843628,3.2905490398406982,15.555413246154785,-1.4333837032318115,2.701932191848755,15.278898239135742,-1.4689792394638062,2.5851826667785645,15.205621719360352,-3.425363779067993,0.7764864563941956,14.234481811523438,-3.3559815883636475,0.639773964881897,14.14492130279541,-3.7438244819641113,3.320129871368408,15.76598834991455,-2.856400728225708,3.3474981784820557,15.797420501708984,-2.7098541259765625,3.3632638454437256,15.77242374420166,-3.6714837551116943,2.4227423667907715,15.20363712310791,-1.464498519897461,3.0336601734161377,15.440337181091309,-3.436835289001465,3.365386962890625,15.822702407836914,-3.0579473972320557,3.3673901557922363,15.803016662597656,-3.234684467315674,0.3553822636604309,13.963560104370117,-2.6007165908813477,0.08305097371339798,13.748000144958496,-1.7920303344726562,0.8951601982116699,14.18030834197998,-3.7214643955230713,2.617349863052368,15.394753456115723,-3.5675790309906006,3.3490183353424072,15.830755233764648,-1.463533639907837,3.4116883277893066,15.723304748535156,-1.7616372108459473,0.7596186995506287,14.14323616027832,-3.5318877696990967,1.2762912511825562,14.550139427185059,-3.5357913970947266,1.0729197263717651,14.457326889038086,-2.285001754760742,3.3282434940338135,15.814637184143066,-1.8002842664718628,0.4608302414417267,14.001604080200195,-1.658546805381775,3.4258763790130615,15.761445045471191,-3.73630690574646,2.500216007232666,15.33372688293457,-1.6819154024124146,1.4285571575164795,14.51418685913086,-2.9607038497924805,-0.03939683735370636,13.74614429473877,-3.5773606300354004,1.5083565711975098,14.721390724182129,-1.5818662643432617,1.5145918130874634,14.64919376373291,-3.8681390285491943,3.174302816390991,15.704427719116211,-3.6304190158843994,1.9996570348739624,15.005334854125977,-1.9752663373947144,3.4051907062530518,15.826737403869629,-1.4721873998641968,3.3369510173797607,15.644671440124512,-1.3556476831436157,3.284240245819092,15.651357650756836,-1.4273004531860352,3.220215082168579,15.53898811340332,-1.431591510772705,2.0596017837524414,15.027436256408691,-3.9000627994537354,3.2649986743927,15.809661865234375,-3.1500418186187744,0.12719018757343292,13.83629322052002,-3.183788299560547,3.3680880069732666,15.881304740905762,-1.3879393339157104,2.8472678661346436,15.418477058410645,-1.5031371116638184,1.98295259475708,14.908224105834961,-1.4997825622558594,1.7251811027526855,14.78799057006836,-1.6347944736480713,1.1653815507888794,14.416025161743164,-2.557922124862671,3.3558802604675293,15.836837768554688,-2.027045488357544,0.14764252305030823,13.815447807312012,-3.8055269718170166,3.3610541820526123,15.904292106628418,-3.8405354022979736,2.8415801525115967,15.567047119140625,-3.4810311794281006,0.4155702292919159,14.12606430053711,-3.731154203414917,2.288424253463745,15.244542121887207,-1.3546844720840454,2.9509663581848145,15.486527442932129,-2.1903021335601807,-0.041401542723178864,13.746893882751465,-3.607834577560425,1.2533963918685913,14.634788513183594,-3.584608316421509,0.858137309551239,14.409355163574219,-1.6372230052947998,0.8302745819091797,14.261364936828613,-1.4090193510055542,2.2227704524993896,15.132253646850586,-3.37646222114563,3.3663947582244873,15.971139907836914,-1.6688156127929688,0.577439546585083,14.115470886230469,-3.8882248401641846,2.9727842807769775,15.711350440979004,-2.963021993637085,3.3519186973571777,15.865243911743164,-1.301819920539856,3.082813262939453,15.614653587341309,-1.3976967334747314,2.4528579711914062,15.257692337036133,-2.5316123962402344,-0.08949976414442062,13.727163314819336,-3.6668472290039062,1.843396782875061,15.016324996948242,-3.639106035232544,0.9653527140617371,14.55725383758545,-3.8021798133850098,2.6728787422180176,15.500229835510254,-3.2877514362335205,-0.06236586719751358,13.802131652832031,-1.5713636875152588,1.2955939769744873,14.550646781921387,-3.632915735244751,1.639575481414795,14.901415824890137,-3.5654196739196777,0.5880499482154846,14.275874137878418,-3.9774303436279297,3.1760592460632324,15.808469772338867,-1.2805335521697998,3.3799736499786377,15.771775245666504,-1.5523836612701416,0.8677424192428589,14.363800048828125,-3.422419786453247,0.1580090969800949,13.98078727722168,-3.6910154819488525,3.3501782417297363,15.932110786437988,-2.8331615924835205,-0.25238141417503357,13.731918334960938,-1.510597586631775,3.466360092163086,15.903913497924805,-3.487588882446289,-0.02467460371553898,13.94013500213623,-3.6954345703125,2.0425221920013428,15.129846572875977,-1.75946044921875,0.2690142095088959,13.941312789916992,-1.5706605911254883,0.9750208854675293,14.409086227416992,-1.753463625907898,3.443371534347534,15.898534774780273,-2.4099886417388916,3.3370373249053955,15.879124641418457,-1.3370797634124756,2.516394853591919,15.368948936462402,-1.4256983995437622,1.7760918140411377,14.921707153320312,-2.2208473682403564,3.341820001602173,15.868874549865723,-3.7848875522613525,2.4475648403167725,15.403968811035156,-3.194655656814575,-0.2926107943058014,13.740497589111328,-1.9246934652328491,-0.07607169449329376,13.776865005493164,-2.4391913414001465,-0.26998353004455566,13.734516143798828,-1.2801686525344849,2.7274410724639893,15.511285781860352,-1.6943273544311523,0.08150880038738251,13.893301010131836,-3.586038589477539,0.6943745613098145,14.337059020996094,-3.8875181674957275,2.657930374145508,15.637063026428223,-1.268650770187378,3.269111394882202,15.76298999786377,-3.6784720420837402,1.4698700904846191,14.867753028869629,-3.78531551361084,2.5479674339294434,15.532052040100098,-1.207613229751587,3.144712209701538,15.769063949584961,-1.3589682579040527,2.321737289428711,15.2719087600708,-3.6691393852233887,1.2810018062591553,14.755290985107422,-1.5463917255401611,0.5999005436897278,14.21957778930664,-1.2377941608428955,2.942017078399658,15.65892219543457,-1.2118430137634277,3.382925033569336,15.833672523498535,-1.3086811304092407,2.608224630355835,15.489463806152344,-2.3231148719787598,3.296617031097412,15.964866638183594,-2.1367177963256836,3.358562707901001,15.953385353088379,-3.2029998302459717,3.366328239440918,15.971177101135254,-2.6069207191467285,3.328260898590088,15.956889152526855,-1.4604685306549072,1.474267840385437,14.765514373779297,-4.046489715576172,3.300757646560669,16.000513076782227,-1.3730216026306152,3.488377809524536,15.937686920166016,-3.914285898208618,2.8517980575561523,15.691801071166992,-3.451843738555908,-0.2216481864452362,13.818861961364746,-3.3754138946533203,-0.3455530107021332,13.7632417678833,-3.835232973098755,3.3983147144317627,15.956277847290039,-3.9840779304504395,2.897735357284546,15.825140953063965,-2.2165513038635254,-0.24451054632663727,13.730915069580078,-3.6788082122802734,1.0285828113555908,14.629488945007324,-3.5563480854034424,0.20162633061408997,14.103501319885254,-3.7803256511688232,2.194467544555664,15.323853492736816,-1.356937050819397,1.838263750076294,15.084988594055176,-2.9871985912323,-0.3747130334377289,13.755119323730469,-3.9716708660125732,3.3791284561157227,16.002607345581055,-3.8563504219055176,3.3995463848114014,16.077844619750977,-2.4820845127105713,3.319547176361084,15.97618579864502,-3.052527666091919,3.334879159927368,16.01602554321289,-1.8910226821899414,3.4062647819519043,15.963788032531738,-1.26134192943573,3.502592086791992,15.958581924438477,-1.4499473571777344,1.272305965423584,14.722126007080078,-1.4985541105270386,1.1044132709503174,14.555118560791016,-1.4741572141647339,0.2864866852760315,14.117196083068848,-3.562098741531372,3.3501429557800293,16.04493522644043,-4.02935266494751,3.07818341255188,15.904669761657715,-1.550516963005066,0.20113827288150787,14.019940376281738,-4.011816024780273,3.142197608947754,15.894554138183594,-1.5845688581466675,3.4613265991210938,16.03464698791504,-3.7860212326049805,2.384593963623047,15.423480033874512,-3.7316951751708984,1.7239964008331299,15.100298881530762,-2.917569875717163,3.338582754135132,15.992622375488281,-2.578716278076172,-0.41880089044570923,13.761824607849121,-2.6822776794433594,3.304442882537842,15.992034912109375,-1.7760844230651855,3.416469097137451,16.02737045288086,-3.681361675262451,0.6646850109100342,14.443534851074219,-3.5954856872558594,-0.0780879333615303,14.006361961364746,-1.996948480606079,3.375296115875244,15.979263305664062,-3.704711675643921,0.7752867937088013,14.558069229125977,-3.6206161975860596,0.41339820623397827,14.262506484985352,-2.8469135761260986,3.290550947189331,16.019229888916016,-3.739753007888794,1.9649503231048584,15.223102569580078,-3.7698607444763184,1.7859617471694946,15.186476707458496,-1.9503217935562134,-0.33681148290634155,13.751776695251465,-3.7156405448913574,3.3333184719085693,16.050981521606445,-3.699347496032715,1.5831507444381714,15.024733543395996,-1.3376954793930054,1.9738209247589111,15.182209968566895,-4.122786998748779,3.3575847148895264,16.11879539489746,-3.7215352058410645,1.0387258529663086,14.739047050476074,-3.3554046154022217,3.3348946571350098,16.061574935913086,-3.55041766166687,-0.40312641859054565,13.807938575744629,-4.1364874839782715,3.2222952842712402,16.026016235351562,-3.9556686878204346,2.7961642742156982,15.757603645324707,-1.4167059659957886,0.41035011410713196,14.263285636901855,-3.848966598510742,2.326254367828369,15.477030754089355,-1.2864841222763062,2.4886207580566406,15.487874031066895,-1.3786463737487793,1.5349260568618774,14.891870498657227,-1.7575992345809937,-0.16911959648132324,13.799991607666016,-1.4746942520141602,3.4612317085266113,16.034543991088867,-3.7172162532806396,1.125046730041504,14.769131660461426,-1.454543948173523,0.6470562815666199,14.35441780090332,-3.226186990737915,3.3119566440582275,16.065208435058594,-3.836256742477417,2.465416669845581,15.630306243896484,-1.1054792404174805,3.3433547019958496,15.92419147491455,-3.7065837383270264,1.2678264379501343,14.850533485412598,-1.158355951309204,3.1847057342529297,15.981152534484863,-1.5511056184768677,-0.20560282468795776,13.86017894744873,-1.5112628936767578,-0.016170013695955276,13.961986541748047,-2.7552008628845215,-0.5353468060493469,13.792582511901855,-3.7182798385620117,1.4426740407943726,14.965056419372559,-2.2456860542297363,3.310570001602173,15.99044132232666,-2.304507255554199,3.254897117614746,15.994213104248047,-1.414046287536621,0.7738311290740967,14.486889839172363,-3.2260212898254395,-0.4981052279472351,13.765532493591309,-2.2678115367889404,-0.4206308424472809,13.764660835266113,-2.902078866958618,-0.5500892996788025,13.817289352416992,-1.227221131324768,2.6691391468048096,15.644131660461426,-1.3194202184677124,2.210569381713867,15.363227844238281,-3.724959135055542,0.4677204191684723,14.442648887634277,-3.1201860904693604,3.316108226776123,16.0358943939209,-1.2431703805923462,3.5211246013641357,16.096981048583984,-1.646383285522461,3.4131009578704834,16.056304931640625,-3.651179552078247,-0.33697959780693054,13.946148872375488,-1.0691498517990112,3.492518663406372,16.03304672241211,-3.6344735622406006,3.2947776317596436,16.14431381225586,-2.428255081176758,-0.3819204270839691,13.774091720581055,-4.020967960357666,3.256243944168091,16.080400466918945,-1.1537911891937256,3.039818286895752,15.872784614562988,-1.7900575399398804,-0.3717120885848999,13.799224853515625,-3.808445692062378,2.0540759563446045,15.389714241027832,-3.731175184249878,0.30559465289115906,14.374533653259277,-3.6735899448394775,0.1766713261604309,14.23408317565918,-1.361329197883606,1.6041185855865479,14.995574951171875,-4.055681228637695,3.1580326557159424,16.082719802856445,-3.721590042114258,0.867190957069397,14.692468643188477,-3.8579459190368652,3.277683734893799,16.16927719116211,-1.4155205488204956,0.858896791934967,14.584589004516602,-3.5064659118652344,3.313520908355713,16.110689163208008,-3.532057285308838,-0.5775884985923767,13.78377628326416,-2.0078723430633545,3.334404706954956,16.023468017578125,-1.3361871242523193,1.696310043334961,15.094168663024902,-2.406446933746338,3.2680656909942627,16.027015686035156,-1.384507656097412,3.480931043624878,16.066791534423828,-2.1700797080993652,3.2940614223480225,16.012001037597656,-3.7062339782714844,-0.5536049604415894,13.859904289245605,-2.7267065048217773,3.262871265411377,16.056503295898438,-1.258286952972412,2.4582011699676514,15.618634223937988,-1.6090672016143799,-0.3277547359466553,13.829012870788574,-2.5507802963256836,3.2722830772399902,16.058143615722656,-1.4103806018829346,0.9661129117012024,14.639044761657715,-2.970742702484131,3.251389741897583,16.106143951416016,-3.6840877532958984,-0.008341564796864986,14.144767761230469,-3.410370111465454,-0.6043885350227356,13.778545379638672,-1.3825982809066772,1.36031973361969,14.855964660644531,-1.4358267784118652,1.1365402936935425,14.72499942779541,-1.7286672592163086,3.367856025695801,16.05136489868164,-2.1506905555725098,-0.5341470241546631,13.815909385681152,-1.3972229957580566,0.07311966270208359,14.105886459350586,-3.997443675994873,2.867445707321167,15.942148208618164,-1.0449472665786743,3.5230281352996826,16.12986183166504,-1.186469316482544,2.7397005558013916,15.759565353393555,-1.170271873474121,2.8891937732696533,15.808547973632812,-3.9605400562286377,3.2241876125335693,16.145830154418945,-1.033588171005249,3.366424322128296,16.04096031188965,-3.776124954223633,1.8631705045700073,15.33608627319336,-3.749288320541382,1.509582757949829,15.124839782714844,-1.4208688735961914,-0.18346789479255676,13.963545799255371,-3.747853994369507,1.1391617059707642,14.896222114562988,-3.9475221633911133,2.733294725418091,15.855634689331055,-3.282534599304199,3.2902703285217285,16.14729881286621,-3.693439483642578,-0.67536461353302,13.823650360107422,-3.7706658840179443,3.258849859237671,16.189727783203125,-3.124274969100952,3.2607421875,16.141387939453125,-2.850658416748047,3.2413933277130127,16.102563858032227,-3.847323417663574,2.373321056365967,15.668582916259766,-3.730588674545288,1.2880884408950806,14.958574295043945,-2.102691650390625,3.2855050563812256,16.080097198486328,-2.2224526405334473,3.271789312362671,16.061813354492188,-1.4429818391799927,3.3789961338043213,16.143218994140625,-1.870375394821167,3.358837842941284,16.081626892089844,-2.4801762104034424,-0.5901556015014648,13.858365058898926,-3.7420382499694824,0.1411500722169876,14.342979431152344,-1.3154757022857666,2.0278737545013428,15.39382266998291,-3.071582794189453,-0.6916248798370361,13.847901344299316,-1.925074577331543,-0.452320396900177,13.786523818969727,-1.313798189163208,0.4644092917442322,14.48199462890625,-1.9357022047042847,3.3044869899749756,16.12403678894043,-1.530450463294983,3.403428792953491,16.14948272705078,-3.8361003398895264,2.1844327449798584,15.568338394165039,-2.4810028076171875,3.230398178100586,16.109159469604492,-3.7608695030212402,0.97539883852005,14.842329978942871,-1.7103878259658813,3.342571258544922,16.148786544799805,-1.8072171211242676,3.3283164501190186,16.130462646484375,-4.015886306762695,3.121530532836914,16.118711471557617,-1.0926612615585327,3.269578695297241,16.080482482910156,-1.3652215003967285,0.9927762746810913,14.839188575744629,-2.3246405124664307,3.190476179122925,16.13433837890625,-1.351065993309021,1.1995042562484741,14.874994277954102,-3.757690191268921,0.6710147857666016,14.632658004760742,-3.720754861831665,-0.29119908809661865,14.07850170135498,-2.0091259479522705,3.2539021968841553,16.153030395507812,-3.4278180599212646,3.240422010421753,16.19917869567871,-1.2785530090332031,2.306593656539917,15.5524320602417,-3.761378049850464,1.2535223960876465,15.00475025177002,-3.7760751247406006,0.29781123995780945,14.497093200683594,-2.7897908687591553,3.2002809047698975,16.154924392700195,-3.762054204940796,1.3919951915740967,15.121932029724121,-2.6110382080078125,-0.6043423414230347,13.840524673461914,-1.1524821519851685,3.3390347957611084,16.091947555541992,-1.2648699283599854,2.58127498626709,15.6962890625,-1.3078826665878296,1.7497676610946655,15.288592338562012,-1.5970804691314697,3.346808433532715,16.14918327331543,-3.776188850402832,-0.05830732733011246,14.28079605102539,-1.2627322673797607,3.3997254371643066,16.125146865844727,-3.7641682624816895,-0.21642187237739563,14.183798789978027,-2.7009778022766113,3.2101194858551025,16.061155319213867,-3.7983696460723877,1.8702508211135864,15.422056198120117,-1.3505078554153442,-0.07416023313999176,14.08043098449707,-1.6742725372314453,-0.4906185269355774,13.841547012329102,-3.53810453414917,3.1504039764404297,16.23048210144043,-1.316655158996582,0.10033316165208817,14.231598854064941,-1.4123035669326782,-0.4435123801231384,13.86948299407959,-3.878394603729248,2.5271644592285156,15.850273132324219,-2.696477174758911,3.1993067264556885,16.15868377685547,-3.776409864425659,0.5238103270530701,14.644136428833008,-3.3726699352264404,-0.7711265087127686,13.820342063903809,-1.28762686252594,3.376182794570923,16.168554306030273,-3.773383378982544,-0.6110902428627014,13.9656982421875,-1.353177547454834,-0.3488520383834839,13.941234588623047,-1.5014110803604126,-0.490073025226593,13.852119445800781,-3.633486747741699,3.1875803470611572,16.22400665283203,-3.7971065044403076,1.676099181175232,15.30713939666748,-1.3251224756240845,1.5001211166381836,15.077698707580566,-3.9624907970428467,3.0040760040283203,16.116884231567383,-3.8010659217834473,1.9796119928359985,15.584944725036621,-1.2945020198822021,2.1343376636505127,15.44074821472168,-2.541018009185791,3.2001144886016846,16.168582916259766,-1.3174477815628052,1.2912633419036865,14.989008903503418,-3.8463056087493896,3.1439287662506104,16.209047317504883,-3.7773351669311523,1.5072953701019287,15.229497909545898,-2.7206690311431885,-0.6813556551933289,13.883916854858398,-3.757256269454956,0.7781896591186523,14.789385795593262,-3.246854782104492,-0.836669921875,13.899725914001465,-1.311997652053833,0.654675304889679,14.66520881652832,-2.2103872299194336,3.2033278942108154,16.127296447753906,-3.919569969177246,2.772444009780884,16.01038932800293,-3.7731947898864746,-0.4135373532772064,14.10980224609375,-1.1601381301879883,3.0189805030822754,16.04914665222168,-3.4703900814056396,-0.772059977054596,13.835829734802246,-3.248945474624634,3.2019670009613037,16.243576049804688,-3.031014919281006,3.135874032974243,16.195417404174805,-2.946058988571167,3.131551742553711,16.221315383911133,-3.8499250411987305,-0.834144651889801,13.888518333435059,-1.3034521341323853,1.874367117881775,15.363836288452148,-2.1351394653320312,-0.6382635831832886,13.875511169433594,-2.276702404022217,-0.6866583228111267,13.935490608215332,-2.016294240951538,-0.6132370829582214,13.903677940368652,-3.7920570373535156,0.04187717288732529,14.417702674865723,-1.901282548904419,-0.6430482864379883,13.882241249084473,-1.1817944049835205,2.8232638835906982,15.931191444396973,-3.7812111377716064,2.202594041824341,15.78303050994873,-3.7871479988098145,0.1712290644645691,14.475790023803711,-1.4170639514923096,3.274446487426758,16.225173950195312,-2.0702929496765137,3.1904714107513428,16.197555541992188,-1.3092010021209717,0.5626980066299438,14.58415412902832,-1.2908298969268799,0.1905643790960312,14.374590873718262,-3.762134552001953,1.2012418508529663,15.080288887023926,-3.5888168811798096,-0.7885175347328186,13.891489028930664,-2.3368313312530518,3.101592540740967,16.25109100341797,-1.212391972541809,3.2334141731262207,16.18433380126953,-3.8014376163482666,2.348682403564453,15.822737693786621,-3.770770311355591,0.895076334476471,14.95730209350586,-3.747018814086914,3.075305700302124,16.24025535583496,-3.408132791519165,3.0667340755462646,16.275728225708008,-2.2341718673706055,3.077058792114258,16.22303581237793,-1.6525591611862183,-0.7160081267356873,13.915428161621094,-2.9051918983459473,-0.7589184045791626,13.928995132446289,-3.8275768756866455,2.93975567817688,16.207984924316406,-1.2608832120895386,-0.6460109353065491,13.91887092590332,-3.7877655029296875,0.33909982442855835,14.689226150512695,-3.7730627059936523,1.4375947713851929,15.316777229309082,-1.7049392461776733,3.171745538711548,16.24847412109375,-1.3213083744049072,0.7744843363761902,14.811178207397461,-1.475927710533142,-0.7553870677947998,13.944711685180664,-2.579059362411499,-0.7658400535583496,13.986233711242676,-3.779912233352661,1.7292588949203491,15.52492904663086,-1.171033263206482,3.125709295272827,16.170682907104492,-2.792327880859375,3.106793165206909,16.247150421142578,-2.509645462036133,3.0795938968658447,16.25126075744629,-3.7517945766448975,2.0728487968444824,15.734109878540039,-1.2077275514602661,-0.3406425416469574,14.146016120910645,-1.2511063814163208,-0.5153229236602783,13.968222618103027,-2.155620813369751,3.1103222370147705,16.238126754760742,-1.2748624086380005,2.508652687072754,15.807822227478027,-1.2298632860183716,-0.10501240193843842,14.253829956054688,-3.7686073780059814,1.256465196609497,15.20533561706543,-3.801330804824829,-0.1554340273141861,14.383962631225586,-3.691129446029663,-0.8712216019630432,13.946871757507324,-2.7601706981658936,-0.756462812423706,13.996316909790039,-3.0003128051757812,2.9798243045806885,16.290367126464844,-3.8033878803253174,-0.35320690274238586,14.232657432556152,-1.2892435789108276,2.1503562927246094,15.601802825927734,-3.7492825984954834,1.8822264671325684,15.659335136413574,-1.3155430555343628,1.6230945587158203,15.288357734680176,-3.76242995262146,1.0871752500534058,15.113273620605469,-3.7837796211242676,0.20293153822422028,14.659933090209961,-3.7808876037597656,2.567587375640869,16.063552856445312,-1.285040259361267,2.290848970413208,15.697659492492676,-2.4509849548339844,-0.7114472985267639,13.92364501953125,-3.168243169784546,3.062372922897339,16.291921615600586,-2.205205202102661,-0.7727366089820862,14.003978729248047,-3.770435094833374,0.6176522374153137,14.839093208312988,-1.247644305229187,0.044089820235967636,14.346224784851074,-3.8179051876068115,-0.5933570861816406,14.117021560668945,-3.081437587738037,-0.8189825415611267,13.925517082214355,-1.9902393817901611,3.070603370666504,16.28130340576172,-1.2617031335830688,2.7342944145202637,16.05005645751953,-1.2900915145874023,2.5043141841888428,15.933826446533203,-3.7958521842956543,2.3990416526794434,15.933697700500488,-2.1000430583953857,-0.7037494778633118,13.981741905212402,-3.826822280883789,-0.783884584903717,14.007014274597168,-3.8985772132873535,-1.0557689666748047,13.741908073425293,-3.9233505725860596,-1.023785948753357,13.816819190979004,-3.8614413738250732,-0.9558765888214111,13.942916870117188,-1.4070239067077637,-0.8104188442230225,13.960867881774902,-3.5396344661712646,-0.9302725195884705,13.872105598449707,-1.3163132667541504,1.1230958700180054,15.104145050048828,-3.7987051010131836,-0.9370415210723877,13.879121780395508,-1.246379017829895,-0.41657641530036926,14.066341400146484,-3.706096649169922,-1.028285264968872,13.901754379272461,-3.7801599502563477,-1.0787327289581299,13.828954696655273,-3.6592957973480225,2.9106245040893555,16.262651443481445,-1.2643224000930786,3.101944923400879,16.222841262817383,-1.3186824321746826,1.9253616333007812,15.533385276794434,-3.686677932739258,2.774178981781006,16.232358932495117,-3.7325284481048584,2.6558961868286133,16.160385131835938,-1.3309406042099,1.4499369859695435,15.234837532043457,-2.893357276916504,-0.8782870769500732,14.038226127624512,-1.2607779502868652,0.23492109775543213,14.530574798583984,-1.8545441627502441,-0.7495937943458557,13.948285102844238,-1.5017441511154175,3.091256856918335,16.271181106567383,-3.3965861797332764,-0.9628192186355591,13.985323905944824,-1.2709887027740479,0.4545275568962097,14.746304512023926,-3.8043746948242188,-0.25966912508010864,14.433112144470215,-3.8204832077026367,-0.49749577045440674,14.285051345825195,-3.7480850219726562,0.5499082803726196,14.947311401367188,-1.9908583164215088,-0.7394912242889404,13.968338012695312,-3.7046501636505127,2.3198862075805664,16.02195167541504,-1.3267931938171387,2.227365732192993,15.827300071716309,-1.3329685926437378,1.7246357202529907,15.473546028137207,-1.3338407278060913,0.8758348822593689,15.000534057617188,-2.305997371673584,-0.8008347153663635,14.035731315612793,-1.6624823808670044,-0.8106573820114136,13.977917671203613,-1.3186408281326294,1.3035725355148315,15.232925415039062,-3.3492112159729004,2.7806456089019775,16.34056854248047,-2.8698678016662598,2.902956485748291,16.34478187561035,-2.592193126678467,2.965970277786255,16.317224502563477,-1.194954752922058,-0.59910649061203,14.07117748260498,-3.7429213523864746,0.9265279173851013,15.169156074523926,-3.7901816368103027,-0.017426051199436188,14.589649200439453,-3.5439016819000244,-1.0045889616012573,13.91708755493164,-3.820976495742798,-1.0338609218597412,13.92690658569336,-1.331936240196228,2.862093687057495,16.176856994628906,-3.8339715003967285,-0.6030071973800659,14.283427238464355,-3.052281379699707,-0.9114991426467896,14.03067398071289,-2.410928249359131,2.9361205101013184,16.349323272705078,-1.1648106575012207,-0.7851310968399048,13.990675926208496,-3.7248001098632812,1.331002116203308,15.469149589538574,-3.7266201972961426,1.6528425216674805,15.62353515625,-3.740135431289673,1.1224191188812256,15.273259162902832,-1.31581711769104,2.1190271377563477,15.735020637512207,-1.4367055892944336,2.9223687648773193,16.266460418701172,-3.8009543418884277,-0.41681358218193054,14.417495727539062,-3.8425164222717285,-0.7149922847747803,14.191349029541016,-3.1987645626068115,-0.9366980195045471,14.003241539001465,-3.233576774597168,2.84857439994812,16.3175048828125,-1.3429383039474487,1.4523664712905884,15.383020401000977,-3.796407699584961,-0.7918012738227844,14.171208381652832,-1.8237168788909912,-0.768333911895752,13.999789237976074,-1.8744748830795288,2.9499950408935547,16.320552825927734,-2.506500005722046,-0.8504382371902466,14.08594799041748,-1.1796578168869019,-0.2136729508638382,14.360502243041992,-3.6467666625976562,2.02892804145813,15.90023422241211,-3.5616464614868164,2.7751095294952393,16.278968811035156,-2.303962230682373,2.929938316345215,16.332416534423828,-1.3313392400741577,1.940309762954712,15.644661903381348,-1.2399611473083496,0.09951967746019363,14.601873397827148,-1.1144284009933472,-0.6192960739135742,14.158064842224121,-1.3509478569030762,2.3306682109832764,15.919835090637207,-1.2957510948181152,0.572448194026947,14.839116096496582,-3.4507033824920654,2.809149980545044,16.29936408996582,-3.6994144916534424,0.7459123730659485,15.176197052001953,-3.7449800968170166,0.22559089958667755,14.837002754211426,-3.7808570861816406,-0.9970654249191284,14.032785415649414,-1.9962100982666016,-0.820057213306427,14.049813270568848,-1.8675893545150757,-0.8255292177200317,14.03559684753418,-1.774086833000183,2.8443610668182373,16.323213577270508,-1.3625223636627197,1.3111680746078491,15.364072799682617,-2.195772171020508,2.9001646041870117,16.354053497314453,-1.3054004907608032,0.6410627365112305,14.969481468200684,-3.694859266281128,-1.0182781219482422,14.066125869750977,-3.7903218269348145,-0.5214142203330994,14.406167030334473,-3.5147454738616943,-1.0039148330688477,14.067466735839844,-2.774426221847534,-0.8500683903694153,14.105774879455566,-1.2295303344726562,-0.8621812462806702,14.058534622192383,-3.7518975734710693,-0.2648688852787018,14.606879234313965,-3.75956392288208,-0.12856559455394745,14.646074295043945,-1.3427852392196655,2.4477086067199707,16.017515182495117,-1.5715267658233643,-0.8931822776794434,14.072481155395508,-1.386828899383545,2.6060028076171875,16.141603469848633,-1.3901584148406982,1.7348699569702148,15.637961387634277,-3.5616166591644287,2.5720138549804688,16.234750747680664,-1.6050095558166504,2.7767179012298584,16.300769805908203,-3.0511763095855713,2.7248246669769287,16.361635208129883,-1.1370124816894531,-0.48141682147979736,14.242997169494629,-1.2168002128601074,-0.07499681413173676,14.586690902709961,-2.3192405700683594,-0.8544026613235474,14.126175880432129,-1.9585983753204346,-0.8798919320106506,14.125625610351562,-3.796306848526001,-0.9896355867385864,14.122079849243164,-1.7399885654449463,-0.8702008724212646,14.071612358093262,-3.210188627243042,-0.9573476910591125,14.108296394348145,-1.3842718601226807,1.4691367149353027,15.483318328857422,-1.3521299362182617,0.882820725440979,15.179600715637207,-3.633068799972534,1.8058767318725586,15.830801010131836,-1.2920109033584595,-0.9163839221000671,14.033230781555176,-3.6931538581848145,0.35895341634750366,15.014307975769043,-3.685879707336426,0.6031903028488159,15.1375150680542,-3.7758703231811523,-0.8959951400756836,14.14962387084961,-1.2837754487991333,0.20434996485710144,14.762545585632324,-1.830826997756958,-0.9023910760879517,14.095954895019531,-1.138455867767334,-0.4588739573955536,14.340514183044434,-1.13315749168396,-0.871745765209198,14.0538911819458,-3.4362428188323975,2.6332550048828125,16.306245803833008,-2.5906336307525635,2.7563204765319824,16.386823654174805,-1.4081811904907227,2.1259121894836426,15.924083709716797,-2.9704935550689697,-0.9370444416999817,14.211708068847656,-1.3831759691238403,1.9240325689315796,15.775396347045898,-1.0839208364486694,-0.8415340185165405,14.131104469299316,-1.3077325820922852,0.39680224657058716,14.892035484313965,-3.5469436645507812,2.383910894393921,16.178207397460938,-3.6615772247314453,0.9637118577957153,15.392654418945312,-1.3571850061416626,1.1749391555786133,15.318296432495117,-3.7251994609832764,-0.8325011730194092,14.309410095214844,-2.140155792236328,-0.8279738426208496,14.139508247375488,-2.822648048400879,-0.8987874984741211,14.20295524597168,-1.4689544439315796,-0.9667775630950928,14.08791446685791,-3.675449848175049,1.2429261207580566,15.53849983215332,-1.2182703018188477,-0.16924092173576355,14.611960411071777,-2.601839542388916,-0.873278796672821,14.238456726074219,-1.3385123014450073,0.7198877334594727,15.083528518676758,-3.691598415374756,-0.03740553930401802,14.840608596801758,-3.5600216388702393,2.153871536254883,16.05466079711914,-1.4229023456573486,1.4952360391616821,15.61026668548584,-1.3206928968429565,0.4794735014438629,14.967039108276367,-1.4728055000305176,1.5979169607162476,15.716617584228516,-1.1801304817199707,-0.25445428490638733,14.489006042480469,-3.2923624515533447,-0.9897505044937134,14.183107376098633,-3.633000612258911,1.5677063465118408,15.726950645446777,-2.1376912593841553,2.6268928050994873,16.381010055541992,-3.456512689590454,1.9150437116622925,16.04954719543457,-1.1033581495285034,-0.6724612712860107,14.247282981872559,-3.428478240966797,-0.9993706345558167,14.198366165161133,-3.201050043106079,2.48926043510437,16.32888412475586,-1.2689589262008667,-0.01279864925891161,14.736624717712402,-2.190030813217163,-0.8315879106521606,14.250913619995117,-1.3801156282424927,1.0143234729766846,15.316795349121094,-3.4389283657073975,2.425755023956299,16.265390396118164,-1.5906141996383667,-0.9386423230171204,14.110616683959961,-3.5013601779937744,-0.9590718746185303,14.277604103088379,-2.339542865753174,2.646517515182495,16.4013729095459,-3.666292905807495,-0.9884482026100159,14.250995635986328,-1.2042045593261719,-1.012772560119629,14.080801963806152,-1.0568952560424805,-0.9622697830200195,14.095450401306152,-1.5816905498504639,2.552372694015503,16.253929138183594,-3.3211941719055176,2.449831962585449,16.32424545288086,-1.5046567916870117,2.2437613010406494,16.07610321044922,-3.0894153118133545,-0.9654605388641357,14.25495433807373,-1.2928351163864136,0.03470292687416077,14.815099716186523,-2.314988851547241,-0.865563154220581,14.198599815368652,-3.7028586864471436,-0.46662259101867676,14.585434913635254,-1.5975253582000732,2.379620313644409,16.214466094970703,-1.4177430868148804,1.3473061323165894,15.530570983886719,-3.641329526901245,0.19901417195796967,15.029428482055664,-2.970201015472412,2.591794013977051,16.378324508666992,-1.430559754371643,1.125532865524292,15.461483001708984,-3.5896263122558594,0.727711021900177,15.382481575012207,-2.0433969497680664,-0.9131478071212769,14.247292518615723,-1.6954562664031982,-0.9294611215591431,14.156720161437988,-3.4462172985076904,2.1685469150543213,16.139863967895508,-3.5860087871551514,1.3033463954925537,15.681706428527832,-1.027215838432312,-1.0014398097991943,14.042719841003418,-1.8500412702560425,-0.9293918609619141,14.23768138885498,-1.1774874925613403,-0.42840707302093506,14.48034381866455,-2.3967208862304688,-0.9018283486366272,14.280160903930664,-1.777160882949829,2.5745747089385986,16.321985244750977,-2.6238765716552734,2.5793442726135254,16.39893913269043,-1.4873456954956055,1.8459874391555786,15.877241134643555,-3.6417598724365234,-0.7207450270652771,14.516234397888184,-3.4594054222106934,1.6799272298812866,15.950043678283691,-1.8967249393463135,2.4603283405303955,16.339298248291016,-1.3670819997787476,0.4361265003681183,15.094782829284668,-1.33903169631958,0.15346115827560425,14.913164138793945,-1.133325219154358,-0.7226327061653137,14.296256065368652,-1.363976240158081,-0.9985561966896057,14.15457820892334,-3.4200518131256104,2.2056984901428223,16.218547821044922,-3.5731780529022217,1.0142511129379272,15.557348251342773,-2.7637932300567627,-0.9027327299118042,14.280177116394043,-3.61510968208313,0.04871604964137077,15.001173973083496,-2.244053602218628,-0.8676764965057373,14.341113090515137,-3.266934871673584,-0.9701442122459412,14.300804138183594,-3.6065444946289062,0.470710813999176,15.203701972961426,-3.1969311237335205,2.3216207027435303,16.29743766784668,-1.1733291149139404,-0.5782887935638428,14.437586784362793,-1.1164981126785278,-1.0004469156265259,14.161751747131348,-1.6089857816696167,2.1972763538360596,16.144123077392578,-1.2354457378387451,-0.3243173658847809,14.606767654418945,-2.5914061069488525,-0.8821935653686523,14.379571914672852,-1.3893067836761475,0.5679638981819153,15.181731224060059,-1.505222201347351,-0.988059401512146,14.205604553222656,-1.1025134325027466,-1.066136360168457,14.10719108581543,-3.5660111904144287,-0.9150516390800476,14.420307159423828,-1.4183967113494873,0.7432330846786499,15.308609962463379,-1.3812437057495117,0.272401362657547,15.001564979553223,-1.9711389541625977,-0.9125505685806274,14.291337966918945,-0.9527586698532104,-1.076295256614685,14.121784210205078,-2.904350996017456,2.3605692386627197,16.359804153442383,-1.455203890800476,0.9218401908874512,15.439811706542969,-1.262861967086792,-0.9531161189079285,14.268348693847656,-3.5612521171569824,-0.3499242663383484,14.847342491149902,-2.71878981590271,-0.928135097026825,14.362558364868164,-1.181143879890442,-0.8785977959632874,14.268584251403809,-3.1612815856933594,-0.9574263691902161,14.41347599029541,-3.579385995864868,-0.8585200309753418,14.467156410217285,-2.877715587615967,-0.9340692162513733,14.381010055541992,-1.0160778760910034,-1.128222942352295,14.140003204345703,-2.1506404876708984,-0.9033380150794983,14.345423698425293,-1.348019003868103,-0.9922664165496826,14.26053524017334,-1.2017090320587158,-1.0191192626953125,14.206343650817871,-3.4227232933044434,1.8431575298309326,16.09264373779297,-3.56225848197937,-0.5590466856956482,14.717926979064941,-3.2251412868499756,2.1329991817474365,16.22136116027832,-1.580615758895874,-0.9693569540977478,14.316741943359375,-3.3432178497314453,-0.9019449949264526,14.461148262023926,-2.525679588317871,2.426863431930542,16.391223907470703,-3.3424010276794434,2.0326945781707764,16.189178466796875,-1.6985915899276733,2.026801109313965,16.137054443359375,-1.626812219619751,1.7764836549758911,15.984029769897461,-1.5624547004699707,1.63381028175354,15.856969833374023,-2.175682783126831,2.414555549621582,16.37301254272461,-1.2972946166992188,-0.18077224493026733,14.748457908630371,-2.358142852783203,-0.8784229159355164,14.482378959655762,-1.7632604837417603,2.2161314487457275,16.24381446838379,-1.2404507398605347,-0.5876666903495789,14.56265640258789,-1.25875723361969,-0.7648299336433411,14.46437931060791,-3.4397876262664795,1.3159512281417847,15.802506446838379,-1.5564292669296265,1.2429664134979248,15.69257926940918,-3.5233254432678223,-0.2001262903213501,14.966214179992676,-1.7593069076538086,-0.9468898177146912,14.313653945922852,-2.0584709644317627,-0.9130874872207642,14.38151741027832,-3.0597522258758545,2.2119600772857666,16.30046844482422,-3.5086183547973633,0.4478571116924286,15.296277046203613,-1.2063053846359253,-0.9855132699012756,14.31500244140625,-3.4272303581237793,1.4086788892745972,15.909690856933594,-3.443610668182373,0.8236352801322937,15.609832763671875,-2.862365245819092,2.1731631755828857,16.3289852142334,-1.866924524307251,-0.9259548187255859,14.378376007080078,-3.3928606510162354,-0.8250221610069275,14.529431343078613,-3.323014259338379,1.8430018424987793,16.149988174438477,-1.6154708862304688,1.4884940385818481,15.841497421264648,-3.410860300064087,0.17650292813777924,15.275422096252441,-3.5181963443756104,-0.7300015091896057,14.651467323303223,-1.3289532661437988,-0.4838588833808899,14.711315155029297,-3.0229856967926025,-0.8902273774147034,14.52863883972168,-2.120394468307495,2.2359187602996826,16.34614372253418,-2.64754319190979,2.2372684478759766,16.358131408691406,-1.3937397003173828,-0.10530950874090195,14.930499076843262,-1.3411327600479126,-0.1598617285490036,14.834436416625977,-2.224748373031616,-0.9006052017211914,14.483856201171875,-3.1883511543273926,1.8561675548553467,16.166032791137695,-3.037139415740967,1.8918795585632324,16.225263595581055,-2.7077560424804688,-0.9004775881767273,14.512533187866211,-1.4114547967910767,0.08636746555566788,15.029314041137695,-2.987664222717285,2.033226251602173,16.273231506347656,-2.469533681869507,2.215949296951294,16.36360740661621,-3.3464620113372803,1.5594074726104736,16.019489288330078,-3.4180593490600586,-0.7385053038597107,14.668159484863281,-1.470651626586914,0.5552614331245422,15.320311546325684,-1.484686255455017,0.40214431285858154,15.25936222076416,-3.4198687076568604,-0.03648761287331581,15.168065071105957,-2.4839959144592285,-0.8434085249900818,14.585296630859375,-3.3982064723968506,0.4191967844963074,15.370214462280273,-3.178074836730957,-0.7874360680580139,14.64268970489502,-1.4769291877746582,-0.9818110466003418,14.387913703918457,-1.970047116279602,2.0471208095550537,16.25544548034668,-1.6274179220199585,1.0202956199645996,15.662165641784668,-1.5188649892807007,0.24777615070343018,15.181511878967285,-1.3716658353805542,-0.36930617690086365,14.80622673034668,-1.8134725093841553,1.808227777481079,16.115163803100586,-3.4400501251220703,1.1598871946334839,15.811253547668457,-3.4129433631896973,-0.4579642713069916,14.923728942871094,-1.5630043745040894,-0.9619159698486328,14.46683120727539,-1.4167964458465576,-0.9068374633789062,14.42654800415039,-1.3058794736862183,-0.9165803790092468,14.44724178314209,-2.6074981689453125,1.9787300825119019,16.304527282714844,-2.032006025314331,-0.9055026173591614,14.500112533569336,-3.0967164039611816,1.7156667709350586,16.151691436767578,-2.3119964599609375,2.0662710666656494,16.32267189025879,-3.263319969177246,1.4382495880126953,15.972469329833984,-2.8172428607940674,1.964675784111023,16.27770233154297,-1.7566639184951782,-0.9244301319122314,14.489080429077148,-1.5610909461975098,0.6846814751625061,15.488422393798828,-1.750604271888733,1.5227466821670532,15.965492248535156,-1.7576264142990112,1.3362544775009155,15.87844467163086,-1.315966248512268,-0.7139648795127869,14.596389770507812,-1.2639455795288086,-0.8190029859542847,14.513713836669922,-1.8943804502487183,1.8201276063919067,16.15604019165039,-3.4261059761047363,0.7557793855667114,15.647565841674805,-3.3000974655151367,-0.6857868432998657,14.833333969116211,-3.3272526264190674,1.0060093402862549,15.799890518188477,-3.3846187591552734,-0.5878347158432007,14.878128051757812,-2.8947105407714844,-0.854527473449707,14.623808860778809,-2.999242067337036,-0.7984049916267395,14.698657989501953,-1.823783040046692,-0.8816757798194885,14.610503196716309,-2.6799328327178955,-0.8392317891120911,14.667165756225586,-3.230710744857788,1.2621610164642334,15.889593124389648,-1.8001245260238647,1.0914952754974365,15.811516761779785,-2.7636592388153076,1.8085975646972656,16.237659454345703,-2.1092257499694824,1.824072003364563,16.215036392211914,-3.0664241313934326,1.4885869026184082,16.06702995300293,-3.1179702281951904,1.2580389976501465,15.94703197479248,-1.62158203125,0.1185203418135643,15.243931770324707,-2.9352478981018066,1.6699308156967163,16.170244216918945,-1.4984309673309326,-0.4892176687717438,14.874409675598145,-1.491483449935913,-0.8506407737731934,14.54595947265625,-3.412081718444824,0.41488364338874817,15.440330505371094,-2.3637092113494873,-0.8408466577529907,14.682140350341797,-3.158395290374756,-0.67545485496521,14.835957527160645,-1.52986478805542,-0.07198912650346756,15.083513259887695,-1.4227551221847534,-0.6589568853378296,14.746902465820312,-2.4156036376953125,1.8579493761062622,16.268768310546875,-2.0132546424865723,1.6339621543884277,16.12289047241211,-1.3591258525848389,-0.8238012790679932,14.607271194458008,-1.6263295412063599,0.262675017118454,15.299267768859863,-2.2680039405822754,1.7504061460494995,16.220256805419922,-3.4068257808685303,0.0063805351965129375,15.257049560546875,-2.87165904045105,1.4624371528625488,16.103330612182617,-2.5811688899993896,1.771919846534729,16.242473602294922,-2.0287764072418213,-0.8227033615112305,14.724230766296387,-2.023460865020752,1.3563313484191895,16.009960174560547,-1.5346894264221191,-0.24158194661140442,15.014002799987793,-2.1767525672912598,-0.8119638562202454,14.743917465209961,-3.3265628814697266,0.523041844367981,15.552248001098633,-3.3393969535827637,0.27027320861816406,15.407466888427734,-3.4034805297851562,-0.3155564069747925,15.062895774841309,-3.0097458362579346,-0.6785340309143066,14.870048522949219,-3.3036932945251465,0.7798202037811279,15.72116756439209,-2.672853946685791,-0.7744126319885254,14.784035682678223,-2.897775173187256,1.3071331977844238,16.029842376708984,-1.7235108613967896,0.8082478046417236,15.666892051696777,-2.698312520980835,1.634351372718811,16.193805694580078,-1.9497164487838745,1.177977442741394,15.90927505493164,-1.698622703552246,0.49060818552970886,15.504212379455566,-3.00146484375,1.171108603477478,15.951399803161621,-1.68498694896698,-0.8376299142837524,14.691315650939941,-2.5542192459106445,-0.7264576554298401,14.816503524780273,-2.3462436199188232,1.596753478050232,16.1756534576416,-2.2164337635040283,1.5208715200424194,16.122621536254883,-3.0489537715911865,1.010129690170288,15.870946884155273,-1.6073038578033447,-0.758594810962677,14.708263397216797,-3.209338665008545,0.6311686038970947,15.64466667175293,-3.2181379795074463,0.33804914355278015,15.442060470581055,-2.498384475708008,1.5953283309936523,16.18377685546875,-3.0478310585021973,0.42118287086486816,15.57985782623291,-3.3020248413085938,-0.05879836902022362,15.284475326538086,-3.1185266971588135,0.8168393969535828,15.771286010742188,-1.5251408815383911,-0.6739621758460999,14.798604011535645,-2.6752614974975586,1.4285651445388794,16.12105369567871,-3.2748119831085205,-0.4958033263683319,15.005122184753418,-2.3026649951934814,-0.7645426392555237,14.831594467163086,-2.9535162448883057,0.9704228639602661,15.87863826751709,-3.0962882041931152,0.21964609622955322,15.460363388061523,-2.871300458908081,-0.6451485753059387,14.92232894897461,-2.2516472339630127,1.3138467073440552,16.048574447631836,-2.5390663146972656,1.3641413450241089,16.090665817260742,-2.767507791519165,1.2222758531570435,16.013416290283203,-1.6124945878982544,-0.4771859049797058,14.9591064453125,-1.864823579788208,-0.8016430139541626,14.760872840881348,-3.2171971797943115,-0.2999553978443146,15.1180419921875,-3.147157669067383,0.004698670003563166,15.345995903015137,-2.4000470638275146,1.3933652639389038,16.095712661743164,-1.8559049367904663,0.7694454789161682,15.72114372253418,-1.7991887331008911,0.23188407719135284,15.415985107421875,-2.7337145805358887,1.0172616243362427,15.926987648010254,-2.2723371982574463,1.0850120782852173,15.957834243774414,-2.048797369003296,1.0197209119796753,15.879884719848633,-3.0889458656311035,-0.5262616872787476,15.010631561279297,-1.6435368061065674,-0.12649771571159363,15.151281356811523,-2.4663302898406982,-0.677496075630188,14.918760299682617,-2.97165846824646,0.6288660764694214,15.718650817871094,-2.703279733657837,-0.661744236946106,14.924290657043457,-2.40911865234375,1.189879298210144,16.0150203704834,-2.6439826488494873,1.0753589868545532,15.968154907226562,-1.7182936668395996,-0.6145680546760559,14.897587776184082,-3.1889140605926514,-0.07821614295244217,15.282052040100098,-1.8004803657531738,-0.7366613149642944,14.826129913330078,-2.9389665126800537,0.24877841770648956,15.526407241821289,-2.8316967487335205,0.8214991092681885,15.833579063415527,-2.5559871196746826,1.1828337907791138,16.014015197753906,-3.095832586288452,-0.29088377952575684,15.177478790283203,-1.745110273361206,-0.30511733889579773,15.11361312866211,-3.0148959159851074,0.0693318247795105,15.42127513885498,-1.7763327360153198,0.007875464856624603,15.298113822937012,-2.3017749786376953,-0.6906326413154602,14.912318229675293,-2.095412015914917,-0.716375470161438,14.88023853302002,-2.038191795349121,0.8146398067474365,15.802400588989258,-1.9527928829193115,0.2801865041255951,15.517093658447266,-2.6196494102478027,0.8039624094963074,15.844456672668457,-2.776850938796997,-0.5135918259620667,15.084755897521973,-2.213931083679199,0.8852028250694275,15.862560272216797,-2.8465585708618164,-0.3765525221824646,15.184951782226562,-1.9420527219772339,0.6674858331680298,15.711965560913086,-1.9466434717178345,0.48878300189971924,15.626175880432129,-1.8490334749221802,-0.12333252280950546,15.268820762634277,-1.9041242599487305,-0.6745020747184753,14.913989067077637,-2.7286441326141357,0.7016690969467163,15.788712501525879,-2.450467824935913,0.9251810312271118,15.902231216430664,-2.9716849327087402,-0.2640545964241028,15.236821174621582,-2.5900344848632812,-0.5565618872642517,15.055341720581055,-1.8262032270431519,-0.5040289759635925,15.028348922729492,-2.8224616050720215,0.49612125754356384,15.679503440856934,-2.91644287109375,-0.10016845166683197,15.353595733642578,-2.752880096435547,0.32113078236579895,15.599418640136719,-2.358652353286743,0.7398011088371277,15.817755699157715,-2.1679940223693848,0.6998888254165649,15.78140926361084,-2.311201333999634,-0.5655198097229004,15.055434226989746,-2.1399736404418945,-0.5935578942298889,15.02055549621582,-2.6057546138763428,0.6437584757804871,15.773055076599121,-1.9253016710281372,-0.3111444413661957,15.182076454162598,-1.96564519405365,0.06909918785095215,15.42000675201416,-2.134321689605713,0.45610111951828003,15.656777381896973,-1.9937130212783813,-0.5091784596443176,15.075222969055176,-2.791140079498291,0.03141699731349945,15.449880599975586,-2.7431247234344482,-0.09007136523723602,15.393303871154785,-2.5394327640533447,-0.47714561223983765,15.138100624084473,-2.7441892623901367,-0.2176695317029953,15.315369606018066,-2.5318925380706787,0.4349510073661804,15.670185089111328,-2.3226873874664307,0.5207551121711731,15.706259727478027,-2.1323843002319336,-0.17686998844146729,15.31925106048584,-2.6846585273742676,0.19738422334194183,15.548540115356445,-2.396737575531006,0.30453184247016907,15.606815338134766,-2.131420850753784,0.16799291968345642,15.516250610351562,-2.17020583152771,-0.36894288659095764,15.20485782623291,-2.207258462905884,0.021111860871315002,15.448802947998047,-2.586392402648926,-0.3031037747859955,15.275577545166016,-2.2804765701293945,0.20576241612434387,15.5526762008667,-2.5425267219543457,0.09870047122240067,15.51334285736084,-2.396329879760742,-0.3306228816509247,15.256210327148438,-2.488868236541748,-0.12345750629901886,15.392413139343262
