/home/arvardaz/SFT_with_CNN/output2/1489510020.6319168_3479.png,-1.35905122756958,1.4510656595230103,4.306558609008789,-1.6369162797927856,1.5194096565246582,4.393907070159912,-1.372057318687439,1.599478840827942,4.618964195251465,-1.537635087966919,1.4018936157226562,4.204094886779785,-1.65546715259552,1.6083855628967285,4.592350006103516,-1.8595770597457886,1.6521997451782227,4.668062686920166,-1.9132901430130005,1.551052451133728,4.444586753845215,-2.0458900928497314,1.631338119506836,4.629190921783447,-1.6926558017730713,1.665243148803711,4.732761383056641,-1.194247841835022,1.4994148015975952,4.4485907554626465,-1.838270902633667,1.4533777236938477,4.269582271575928,-1.0414657592773438,1.5246111154556274,4.600998878479004,-2.0034327507019043,1.6692215204238892,4.736871719360352,-1.4272009134292603,1.679390549659729,4.9105658531188965,-1.1311852931976318,1.40341317653656,4.28809118270874,-1.849969744682312,1.3321491479873657,4.099245548248291,-2.133427619934082,1.5229289531707764,4.413419723510742,-1.1947367191314697,1.620050311088562,4.819049835205078,-1.8087302446365356,1.7386821508407593,4.984594821929932,-1.7327569723129272,1.7118562459945679,4.891622543334961,-1.6000325679779053,1.7197027206420898,4.976612091064453,-1.249770164489746,1.2568743228912354,4.045201778411865,-2.140566110610962,1.4387402534484863,4.264011383056641,-1.9925544261932373,1.7430675029754639,4.9959635734558105,-0.9593798518180847,1.2899384498596191,4.1678547859191895,-1.6737356185913086,1.2199674844741821,3.963330030441284,-0.9182221293449402,1.4197026491165161,4.418301582336426,-2.2825920581817627,1.6214382648468018,4.704125881195068,-2.2627789974212646,1.661438226699829,4.801096439361572,-2.2145440578460693,1.7087316513061523,4.93112850189209,-0.8856690526008606,1.5133920907974243,4.694308280944824,-2.3262274265289307,1.5135935544967651,4.462588787078857,-1.318982720375061,1.132376790046692,3.8945796489715576,-2.148088216781616,1.3398346900939941,4.115139007568359,-1.2745171785354614,1.6645402908325195,5.015433311462402,-1.0075217485427856,1.5892208814620972,4.89647912979126,-2.380148410797119,1.561995029449463,4.6268510818481445,-1.9313246011734009,1.7620753049850464,5.115729331970215,-0.657773494720459,1.3107699155807495,4.313662528991699,-1.6707311868667603,1.7536213397979736,5.137737274169922,-1.5690391063690186,1.74871826171875,5.225454807281494,-1.872732400894165,1.188481092453003,3.9376986026763916,-2.4823906421661377,1.4498637914657593,4.399369239807129,-2.3713431358337402,1.37497079372406,4.208835124969482,-0.579603910446167,1.3737692832946777,4.52748966217041,-1.8340502977371216,1.771435022354126,5.183504581451416,-2.47157883644104,1.5269951820373535,4.5646138191223145,-2.350231885910034,1.6374545097351074,4.850950241088867,-0.8093385100364685,1.1323662996292114,3.956305742263794,-0.6146284341812134,1.1973671913146973,4.102508068084717,-2.1078875064849854,1.7423884868621826,5.076690673828125,-1.4300127029418945,1.0858640670776367,3.856527090072632,-0.7677123546600342,1.5169869661331177,4.940439701080322,-2.05063796043396,1.205798864364624,3.9587347507476807,-2.27679705619812,1.2724441289901733,4.05934476852417,-0.4343160092830658,1.2399609088897705,4.2469987869262695,-1.324283480644226,1.6891331672668457,5.1812334060668945,-1.0705583095550537,1.0586442947387695,3.840791940689087,-0.7102713584899902,1.4669920206069946,4.747013568878174,-2.421809196472168,1.606478214263916,4.742960453033447,-1.0232598781585693,1.6110247373580933,5.100367546081543,-2.3009560108184814,1.7304521799087524,5.159034729003906,-2.0966479778289795,1.7717009782791138,5.164931774139404,-0.3210252821445465,1.2898668050765991,4.4464335441589355,-2.601738452911377,1.3673902750015259,4.279500961303711,-2.4378719329833984,1.2538434267044067,4.045729160308838,-2.3948442935943604,1.6509422063827515,4.907709121704102,-0.40572118759155273,1.366698145866394,4.691213130950928,-0.8485485911369324,0.9497010707855225,3.722339153289795,-0.5419994592666626,1.045119047164917,3.8723318576812744,-0.2385670244693756,1.1149344444274902,4.068497657775879,-0.16046077013015747,1.1964130401611328,4.29320764541626,-1.9441415071487427,1.7936146259307861,5.3178486824035645,-1.7788854837417603,1.7773699760437012,5.358315944671631,-1.1139594316482544,1.6385780572891235,5.215535640716553,-2.72159743309021,1.315900206565857,4.205676555633545,-2.2051842212677,1.7563508749008179,5.204775333404541,-0.18623028695583344,0.9993054866790771,3.88657283782959,-2.648594379425049,1.4463800191879272,4.5103230476379395,-0.5375972390174866,1.427014946937561,4.87770414352417,-2.574082612991333,1.529604196548462,4.718133449554443,-2.5791077613830566,1.5563616752624512,4.82517671585083,-2.2186696529388428,1.1250193119049072,3.901425361633301,-2.553910255432129,1.5879299640655518,4.971009731292725,-1.9178775548934937,1.8155103921890259,5.4878644943237305,-2.115266799926758,1.8202775716781616,5.423351764678955,-0.44429653882980347,0.9187895655632019,3.7208189964294434,-1.5966763496398926,1.0629253387451172,3.8235745429992676,-2.529871702194214,1.170535922050476,3.9837958812713623,0.15083147585391998,1.081480860710144,4.236878395080566,-0.7645056247711182,1.5139086246490479,5.183181285858154,-1.7253843545913696,1.7792186737060547,5.506323337554932,-1.4888728857040405,1.735168695449829,5.3652777671813965,-2.2280709743499756,1.7817281484603882,5.370201110839844,-1.2666547298431396,0.9529744982719421,3.726322650909424,-2.3810718059539795,1.7036640644073486,5.133574485778809,-0.06968222558498383,1.2467303276062012,4.555405139923096,0.04052974656224251,0.9243689775466919,3.849092483520508,-1.1367956399917603,0.8243348002433777,3.6401922702789307,-0.676008403301239,0.823017418384552,3.6006011962890625,-1.8559787273406982,0.9792106747627258,3.7828054428100586,0.12087572365999222,1.0246442556381226,4.068552494049072,-2.8042593002319336,1.2453041076660156,4.117432117462158,-2.3541438579559326,1.01578950881958,3.8531105518341064,-2.831191301345825,1.3292534351348877,4.374390125274658,-2.0384764671325684,1.830635905265808,5.5194993019104,-0.1801382303237915,0.8602324724197388,3.6971073150634766,0.14080584049224854,1.1331411600112915,4.403343677520752,-2.0974574089050293,0.983083963394165,3.8075122833251953,-2.803600311279297,1.2727606296539307,4.254784107208252,-2.7725322246551514,1.3927501440048218,4.589707851409912,-1.1931270360946655,1.634642243385315,5.431113243103027,-0.24944968521595,1.3335176706314087,4.791285037994385,-2.717219114303589,1.1406643390655518,3.9943385124206543,-2.7219719886779785,1.4456623792648315,4.772331714630127,-0.5243226885795593,1.4114665985107422,5.048308849334717,-0.9029949903488159,1.5471566915512085,5.288560390472412,0.3956186771392822,0.954668402671814,4.107016086578369,-1.5866847038269043,0.9136731028556824,3.729419231414795,0.33408287167549133,0.823660135269165,3.809382915496826,-2.352012872695923,1.74610435962677,5.367974758148193,-2.1558749675750732,1.8118183612823486,5.512276649475098,-2.147087335586548,1.8299211263656616,5.632038116455078,-0.9311120510101318,0.7535609602928162,3.564537525177002,-2.669527292251587,1.5003323554992676,4.980020999908447,-2.4437167644500732,1.671035647392273,5.3240838050842285,-1.6083425283432007,1.7445964813232422,5.59780740737915,-1.3605562448501587,1.6762622594833374,5.5066962242126465,-0.483847051858902,0.7364055514335632,3.535677671432495,0.14532679319381714,0.7198453545570374,3.609558582305908,-1.6906310319900513,0.8536695837974548,3.7070939540863037,-1.4706380367279053,0.7801812887191772,3.6629574298858643,-2.535953998565674,1.5971965789794922,5.176238059997559,-2.2959115505218506,1.7971135377883911,5.569303035736084,-1.9256131649017334,1.8217815160751343,5.723258018493652,0.18614061176776886,1.163533091545105,4.619598388671875,0.01568407192826271,1.236569881439209,4.689620494842529,-2.9120116233825684,1.2069605588912964,4.211945056915283,-0.31473684310913086,1.339573860168457,4.972482681274414,-0.17623673379421234,0.7236855626106262,3.5517525672912598,0.5355573892593384,0.7918222546577454,3.8616552352905273,-2.901150941848755,1.1747878789901733,4.079623699188232,-2.9012610912323,1.2907013893127441,4.461281776428223,-0.12523603439331055,1.2813899517059326,4.953226566314697,-1.0403995513916016,1.573145866394043,5.433142185211182,-1.3317813873291016,0.846172034740448,3.6661195755004883,-2.5301997661590576,0.9173092842102051,3.8244171142578125,-2.0986568927764893,1.8473014831542969,5.7531819343566895,0.40628892183303833,1.0328593254089355,4.372723579406738,-2.4771435260772705,1.6769449710845947,5.483486175537109,-2.2276837825775146,1.8399803638458252,5.756531715393066,-1.7798802852630615,1.777968406677246,5.7220587730407715,-2.966151237487793,1.0584437847137451,3.965035915374756,0.00857177097350359,0.602394163608551,3.468902111053467,0.41087040305137634,0.6686322093009949,3.6225357055664062,-1.8249257802963257,0.85999995470047,3.7224581241607666,-0.5575923919677734,1.4132908582687378,5.2227349281311035,0.09667708724737167,1.2019429206848145,4.900684833526611,-2.824812173843384,1.357749581336975,4.6911444664001465,-0.6941536068916321,0.6602252125740051,3.4821434020996094,-1.2980999946594238,1.6103843450546265,5.639124870300293,-2.65449857711792,1.4881422519683838,5.198688507080078,-1.2139374017715454,1.6055415868759155,5.540624141693115,-2.7551369667053223,0.9864831566810608,3.8855440616607666,-1.9355182647705078,0.818716287612915,3.7234251499176025,-0.37962958216667175,0.5252454280853271,3.382412910461426,-2.9729607105255127,1.2227168083190918,4.401021480560303,-3.1313624382019043,1.054864764213562,4.127028942108154,-2.8933210372924805,0.9729164242744446,3.896489381790161,-2.9943687915802,1.1758066415786743,4.227293968200684,-2.4179258346557617,1.749306559562683,5.656167507171631,0.7681825757026672,0.8329359889030457,4.139973163604736,0.4058295786380768,1.075947880744934,4.613683223724365,0.5662645101547241,0.61468505859375,3.5937020778656006,-1.2926104068756104,0.6808128952980042,3.589613437652588,-2.5657827854156494,1.577811598777771,5.385412216186523,0.771691083908081,0.9104908108711243,4.418336391448975,-1.9988552331924438,1.809178113937378,5.90782356262207,-2.1644773483276367,1.8558839559555054,5.8697004318237305,-1.5395212173461914,1.684215784072876,5.767644882202148,-1.424767255783081,1.646373987197876,5.69236946105957,-0.2538178265094757,0.5110432505607605,3.3724899291992188,-0.07656701654195786,0.5038255453109741,3.379920244216919,-3.1199188232421875,1.0399471521377563,4.022702693939209,-2.831777334213257,1.312321662902832,4.817715167999268,-2.775908946990967,1.3853843212127686,4.93557071685791,-2.1112780570983887,0.8560072779655457,3.747776508331299,-1.8882982730865479,1.7826520204544067,5.843400955200195,-3.072356939315796,1.1263703107833862,4.322329998016357,-2.9237847328186035,1.2589493989944458,4.645279407501221,0.28095874190330505,0.4782666265964508,3.377532720565796,0.8367066979408264,0.6434404253959656,3.809282064437866,0.28739693760871887,1.1340880393981934,4.788010597229004,-2.3808605670928955,0.8378749489784241,3.8101603984832764,-3.112598419189453,1.0694247484207153,4.210237979888916,-2.3271260261535645,1.8383593559265137,6.008640766143799,0.4204212427139282,1.079580307006836,4.786266326904297,-0.8412736654281616,0.5912204384803772,3.4687163829803467,-0.6392980217933655,0.5195110440254211,3.40505313873291,-2.616999864578247,1.4654611349105835,5.325241565704346,0.7079852223396301,0.9676072001457214,4.661380290985107,-2.4304661750793457,1.7609739303588867,5.856922149658203,-2.2649710178375244,0.7978421449661255,3.758859872817993,-0.2556743621826172,1.2912733554840088,5.0854644775390625,0.7970587611198425,0.4520978033542633,3.483086347579956,-1.1262248754501343,0.6127821207046509,3.528607130050659,-0.35792413353919983,1.2866339683532715,5.244091033935547,-3.022490978240967,0.947337806224823,3.8729007244110107,-1.670141339302063,0.725690484046936,3.655972480773926,-2.5674526691436768,1.6041762828826904,5.6086249351501465,-2.230928421020508,1.8402526378631592,5.957784652709961,-2.152399778366089,1.8371564149856567,6.058919906616211,-2.068696975708008,1.8496277332305908,5.937682151794434,-0.9194621443748474,1.4335793256759644,5.598727703094482,-3.1602396965026855,0.9251347184181213,3.90208101272583,0.553076982498169,0.4413149654865265,3.3731610774993896,-3.013831377029419,1.1666818857192993,4.572176933288574,-1.7087024450302124,1.6985604763031006,5.88529634475708,-0.8224964141845703,1.4424481391906738,5.473331451416016,-0.562009334564209,1.3559153079986572,5.398685455322266,0.012724006548523903,1.1996684074401855,5.059228897094727,-2.7502007484436035,1.3836373090744019,5.098735809326172,0.9618384838104248,0.8181561231613159,4.349316120147705,-3.2496771812438965,0.9530357122421265,4.037510395050049,-2.687565565109253,0.8306798338890076,3.805406093597412,0.055583588778972626,0.3300846517086029,3.243499755859375,-2.05537748336792,0.7209140658378601,3.70418643951416,-1.8116660118103027,1.7306519746780396,5.954999923706055,1.0811465978622437,0.6897442936897278,4.1586174964904785,-0.8988668918609619,0.4945565462112427,3.4404914379119873,-0.4700876474380493,0.39561331272125244,3.3223910331726074,0.3479568362236023,1.0839364528656006,4.957016468048096,-1.091156244277954,1.47637140750885,5.681252479553223,-3.133026361465454,1.044156789779663,4.445778846740723,0.6061061024665833,1.0073648691177368,4.839951038360596,-2.8830044269561768,0.8035241365432739,3.8425328731536865,-2.911760091781616,1.2356480360031128,4.756791114807129,-1.9617013931274414,1.7462533712387085,6.0726470947265625,-1.3284283876419067,1.5456552505493164,5.769031047821045,1.0026471614837646,0.5654541850090027,3.846230983734131,-1.5727512836456299,0.6038433313369751,3.6168129444122314,-0.6520774364471436,0.34806686639785767,3.353346109390259,-2.510368824005127,0.7771594524383545,3.79388427734375,0.6631316542625427,0.296956330537796,3.2211384773254395,-0.1357993632555008,1.2130303382873535,5.189090728759766,-1.3443204164505005,0.5587294697761536,3.5757932662963867,-0.1872478425502777,0.31495577096939087,3.2543563842773438,-3.121492862701416,0.8432772159576416,3.826613426208496,-2.2629921436309814,1.841150164604187,6.189536094665527,0.29445236921310425,1.0648616552352905,5.082984447479248,0.35006147623062134,0.2780151069164276,3.205422878265381,-3.2148642539978027,0.9624136686325073,4.1502275466918945,1.0110466480255127,0.36109933257102966,3.571178913116455,-2.4851834774017334,1.736091136932373,6.057452201843262,0.48521411418914795,0.16518017649650574,3.1144564151763916,-1.7949403524398804,0.6484727263450623,3.661484956741333,0.899764358997345,0.8951490521430969,4.6532793045043945,0.18247097730636597,1.098881483078003,5.096997261047363,-2.5542337894439697,1.6491261720657349,5.840172290802002,-2.7051544189453125,1.388245940208435,5.246983528137207,-1.4152039289474487,1.530193567276001,5.880027770996094,-0.6468173265457153,1.3209377527236938,5.53114128112793,-2.6335813999176025,1.4572125673294067,5.408300399780273,-2.2822914123535156,0.6999372839927673,3.745417594909668,0.9035916328430176,0.21633589267730713,3.2551615238189697,1.1880669593811035,0.728933572769165,4.402912616729736,1.167495608329773,0.47018465399742126,3.916364908218384,-1.6308362483978271,1.5895259380340576,6.014272689819336,1.090458869934082,0.8246803283691406,4.672658443450928,-0.30816933512687683,0.33673176169395447,3.2737863063812256,-2.606215000152588,0.6470798254013062,3.782825231552124,-2.1708664894104004,1.7777856588363647,6.18695592880249,-1.21553373336792,0.455759733915329,3.506369113922119,-2.428365707397461,0.6782764196395874,3.813823699951172,-2.058779239654541,1.7106035947799683,6.233438014984131,-1.224012851715088,1.461532711982727,5.799285888671875,-1.0086737871170044,0.41117992997169495,3.446138858795166,0.5767053961753845,0.9889366626739502,4.9984636306762695,-1.8573784828186035,1.6430386304855347,6.138569355010986,-2.274198293685913,1.8220630884170532,6.279361248016357,-1.5400917530059814,1.5170258283615112,5.969428539276123,-2.6904356479644775,1.329895257949829,5.360610008239746,-2.661936044692993,1.4365298748016357,5.523489475250244,-3.069276809692383,1.0980085134506226,4.597848415374756,-2.8139407634735107,1.2679942846298218,5.110558986663818,-0.3475066125392914,1.2181391716003418,5.402501583099365,-3.3463196754455566,0.7724992632865906,3.867145299911499,-2.469788074493408,1.7702430486679077,6.195832252502441,-2.7912936210632324,0.729063093662262,3.8007757663726807,0.7127100825309753,0.12950162589550018,3.072551727294922,0.8642024993896484,0.10967646539211273,3.1032865047454834,-3.3172032833099365,0.9327637553215027,4.0391082763671875,-2.9250266551971436,0.6463401317596436,3.806535482406616,1.232224464416504,0.5586488246917725,4.111850738525391,-0.7538939714431763,0.327939510345459,3.357858896255493,0.20038001239299774,0.18110306560993195,3.149733304977417,-2.047043800354004,0.5893884897232056,3.691241502761841,-0.7583529353141785,1.2714824676513672,5.673859596252441,1.0331088304519653,0.2166951447725296,3.43742036819458,-3.378598928451538,0.8459798693656921,3.939967155456543,-3.3931143283843994,0.843766450881958,4.0783891677856445,-2.7722396850585938,1.287841796875,5.228455066680908,-3.015287160873413,1.093343734741211,4.748532295227051,-2.6131057739257812,1.5372236967086792,5.74760103225708,-2.450948715209961,1.800020456314087,6.304779529571533,-0.1686195433139801,1.1180000305175781,5.3750505447387695,0.03143717348575592,1.1065864562988281,5.239813327789307,0.8942313194274902,0.8749147653579712,4.98823881149292,-3.2298784255981445,0.9252070784568787,4.31677770614624,-3.1205790042877197,0.6967486143112183,3.8189597129821777,0.9837906360626221,0.8615182042121887,4.868350505828857,-3.15641188621521,0.7513213753700256,3.8346292972564697,-2.5808944702148438,1.6202576160430908,6.054251670837402,-2.2464096546173096,0.6447175741195679,3.748669147491455,-1.5537283420562744,0.4474806487560272,3.5903127193450928,-2.955538034439087,1.1537622213363647,4.856024742126465,1.2124232053756714,0.310021311044693,3.7951672077178955,-2.843249559402466,1.2048033475875854,5.059284687042236,-2.613678216934204,1.5361405611038208,5.879343509674072,-0.37987029552459717,0.21462035179138184,3.238393783569336,0.44889384508132935,0.05108332261443138,3.047051429748535,-2.6374175548553467,1.4732869863510132,5.6596245765686035,-0.5344984531402588,0.20183482766151428,3.2810885906219482,-0.06952798366546631,0.1918313354253769,3.1857199668884277,-2.9083797931671143,1.125846266746521,4.926764965057373,-1.8047887086868286,0.5197066068649292,3.660717010498047,-1.6617465019226074,0.41744914650917053,3.602689743041992,1.3875067234039307,0.5662821531295776,4.3477783203125,-3.2770440578460693,0.8622478246688843,4.183712959289551,-1.3947311639785767,0.4164430499076843,3.571591377258301,-0.9064215421676636,1.3002415895462036,5.747660160064697,-3.482257604598999,0.7052439451217651,3.8609237670898438,-0.8377659916877747,0.24632155895233154,3.3732070922851562,-3.1517508029937744,0.9680131077766418,4.504648208618164,0.8182486891746521,-0.013279994949698448,2.9665064811706543,-3.334810495376587,0.6753420233726501,3.79410982131958,-2.8012850284576416,0.6344688534736633,3.791299343109131,0.7419162392616272,0.874379575252533,5.117795467376709,-2.2555227279663086,0.5500267744064331,3.7142603397369385,-1.441620111465454,1.4461785554885864,5.978608131408691,-0.43269050121307373,1.1970322132110596,5.539023399353027,1.3062386512756348,0.7037073969841003,4.552954196929932,-2.540405035018921,1.6544201374053955,6.150511741638184,-0.9173676371574402,0.28396090865135193,3.398144483566284,0.5006092190742493,0.9562365412712097,5.146725654602051,-3.089139699935913,0.9905730485916138,4.617819309234619,-2.4396872520446777,0.5407480597496033,3.809225082397461,-2.2555975914001465,1.767059564590454,6.412407875061035,-1.0652506351470947,0.32563674449920654,3.4574663639068604,-2.18788743019104,1.6070456504821777,6.38045597076416,1.3760886192321777,0.7026351690292358,4.759625434875488,1.1927632093429565,0.7701686024665833,4.857951641082764,1.2177337408065796,0.15727829933166504,3.645778179168701,-1.2636339664459229,0.35882899165153503,3.5154871940612793,-2.686569929122925,1.3456482887268066,5.441732406616211,-2.6686325073242188,1.2880845069885254,5.387526512145996,0.34742072224617004,0.9616755843162537,5.255189895629883,1.031891107559204,0.053992897272109985,3.223184823989868,1.3264321088790894,0.40351834893226624,4.068907260894775,1.1611391305923462,0.08498538285493851,3.527576446533203,-1.6412590742111206,1.4765876531600952,6.1190900802612305,-1.1768587827682495,1.338018536567688,5.868440628051758,-0.24810750782489777,0.07184679806232452,3.1840717792510986,-3.037092924118042,1.0463340282440186,4.697157859802246,-2.5346741676330566,1.7231130599975586,6.387866497039795,-2.579517126083374,1.5544244050979614,6.006503582000732,0.655332624912262,-0.09564381837844849,2.9490389823913574,-2.4139983654022217,1.8021327257156372,6.507792949676514,-3.270024061203003,0.7981649041175842,4.296088218688965,1.2333310842514038,0.3727019131183624,3.9358205795288086,-3.347839593887329,0.6963872313499451,3.923887252807617,-2.017932176589966,1.587170124053955,6.32149076461792,1.446236491203308,0.5606060028076172,4.508005142211914,-1.9888150691986084,0.44300973415374756,3.686668872833252,-0.09148331731557846,0.009693851694464684,3.1333866119384766,0.10375416278839111,0.0387909896671772,3.1069440841674805,-0.5354242920875549,1.1770100593566895,5.608929634094238,-3.2884321212768555,0.6192735433578491,3.8867383003234863,-0.6837535500526428,0.16513390839099884,3.337394952774048,-3.3531394004821777,0.700336217880249,4.1106791496276855,0.22923579812049866,0.9503871202468872,5.307037830352783,-3.2184219360351562,0.8733349442481995,4.39383602142334,0.9688175916671753,-0.10602226853370667,2.957242488861084,-2.6352992057800293,1.412669062614441,5.667771816253662,-0.6496554613113403,1.17807936668396,5.685101509094238,-2.7340683937072754,1.2426141500473022,5.314783096313477,-2.5398406982421875,1.6733578443527222,6.2464423179626465,-2.6583750247955322,1.3435062170028687,5.516926288604736,0.8447971940040588,-0.19648687541484833,2.842597723007202,-2.86413836479187,1.1194442510604858,5.047624111175537,-1.4808317422866821,1.3453530073165894,6.062960624694824,1.4633771181106567,0.6254435777664185,4.684298515319824,-2.807457447052002,1.179211974143982,5.203369140625,0.12083137035369873,0.985365629196167,5.3459248542785645,-2.972651243209839,1.0020256042480469,4.856346130371094,0.28764504194259644,-0.02526179701089859,3.0406222343444824,1.0364526510238647,-0.08227856457233429,3.0592973232269287,-0.28371530771255493,1.1053005456924438,5.504615306854248,-0.06349777430295944,1.0309323072433472,5.377982139587402,-2.5731780529022217,1.5024056434631348,5.928426265716553,1.4259992837905884,0.3300091028213501,4.186858177185059,1.088301181793213,0.7659348249435425,5.033322334289551,-2.971996784210205,0.5420979261398315,3.8479366302490234,-2.4814655780792236,1.763471007347107,6.577384948730469,-1.7428946495056152,1.4567205905914307,6.215214729309082,-1.875823974609375,1.5267513990402222,6.26456356048584,-3.3378560543060303,0.6492379903793335,4.0053582191467285,-2.311018943786621,1.7246538400650024,6.532680988311768,-1.8045247793197632,0.36394625902175903,3.6743485927581787,-1.4134268760681152,0.28387823700904846,3.5694639682769775,1.3502106666564941,0.686927080154419,4.924610137939453,-1.009465217590332,0.196713387966156,3.4327263832092285,-2.805495500564575,0.5284330248832703,3.8399577140808105,-3.139021873474121,0.9025508165359497,4.605656623840332,0.9605982899665833,-0.2479410618543625,2.8269128799438477,-3.3183043003082275,0.7010485529899597,4.195394992828369,-3.0555365085601807,0.9363299608230591,4.739231109619141,-2.919083595275879,1.035217046737671,4.959115982055664,-2.396052837371826,0.4503934979438782,3.8103561401367188,-1.1489723920822144,0.2575480341911316,3.4893112182617188,-2.6648826599121094,1.3121839761734009,5.607634544372559,-2.6885080337524414,1.2784361839294434,5.49288272857666,-2.5273637771606445,1.5356560945510864,6.223338603973389,-2.6352269649505615,1.4316885471343994,5.817849159240723,1.3233671188354492,0.16159817576408386,3.913719654083252,0.044947147369384766,-0.08046836405992508,3.095794200897217,-1.055712103843689,1.1978719234466553,5.871870517730713,1.1877813339233398,-0.08195965737104416,3.382246732711792,1.4639408588409424,0.4742000102996826,4.37720251083374,0.6183368563652039,0.7922373414039612,5.316105365753174,-2.642035722732544,1.3465166091918945,5.7763824462890625,-2.5812296867370605,1.5202819108963013,6.151581287384033,-2.1952407360076904,0.3980221748352051,3.7575790882110596,-2.7787182331085205,1.1383610963821411,5.285411357879639,-0.8619802594184875,0.12162869423627853,3.3827006816864014,-2.6014349460601807,1.4247105121612549,5.988671779632568,-2.6162099838256836,1.3977642059326172,5.893959045410156,-3.266423225402832,0.582938015460968,3.9357962608337402,-2.282156467437744,1.6153931617736816,6.491942405700684,0.0067921048030257225,0.8799270391464233,5.482618808746338,-2.705350875854492,1.143410563468933,5.431249618530273,-0.16239993274211884,0.9960716366767883,5.528482437133789,-0.5172374248504639,0.06556069850921631,3.2617428302764893,0.5223427414894104,-0.1777259111404419,2.9545068740844727,-2.6472151279449463,1.2704964876174927,5.721750736236572,-3.183807373046875,0.7890056371688843,4.498953819274902,-1.3382922410964966,1.284455418586731,6.001704216003418,-1.1599721908569336,0.19357357919216156,3.481482982635498,-0.16993865370750427,-0.09331852197647095,3.1515724658966064,-2.894939422607422,0.9911831617355347,5.034049987792969,-1.3285771608352661,0.20439393818378448,3.54753041267395,1.295770525932312,0.12378453463315964,3.78941011428833,-2.3624107837677,1.634727954864502,6.450475215911865,-1.6182307004928589,1.371254324913025,6.103843688964844,-0.7867599129676819,1.0889790058135986,5.806440830230713,-2.563199281692505,1.4624544382095337,6.088522911071777,0.2159450352191925,-0.17997395992279053,3.0204641819000244,-2.466655731201172,1.6177263259887695,6.37441873550415,0.39224234223365784,-0.21403628587722778,2.9723777770996094,-2.8178114891052246,1.0894867181777954,5.0681843757629395,-1.8655370473861694,0.3028286099433899,3.696213483810425,1.2296746969223022,0.7008094191551208,5.050464153289795,1.554280400276184,0.4892410337924957,4.620119094848633,-3.174318552017212,0.6739530563354492,4.409964084625244,1.0280218124389648,0.7228335738182068,5.165776252746582,1.5998375415802002,0.5825945138931274,4.8667707443237305,-2.6229939460754395,0.4177238941192627,3.881596803665161,-2.862011432647705,1.016973853111267,5.117554664611816,-0.42038413882255554,-0.04514717310667038,3.2390592098236084,1.1518712043762207,-0.20908422768115997,3.0989038944244385,-2.4822025299072266,1.564745545387268,6.3713226318359375,0.8046075701713562,-0.32769566774368286,2.829366445541382,1.5110889673233032,0.6142356991767883,4.960190296173096,1.611525297164917,0.536095380783081,4.7767109870910645,-3.2335751056671143,0.6732421517372131,4.326239109039307,-1.656333088874817,0.2539391815662384,3.627322196960449,-0.4897741675376892,1.0634804964065552,5.671362400054932,-3.1579668521881104,0.5233679413795471,3.972384214401245,-2.0383923053741455,0.26253512501716614,3.77986216545105,-1.1535724401474,1.2424334287643433,5.921003341674805,-2.810983180999756,1.05905282497406,5.25859260559082,-0.2817230522632599,0.9889307618141174,5.619368553161621,-3.2708380222320557,0.588557243347168,4.129106521606445,-1.4799000024795532,0.20198653638362885,3.5943644046783447,1.2890903949737549,0.009229498915374279,3.707767963409424,-0.6839013695716858,0.029016731306910515,3.345038652420044,1.203197956085205,-0.26753607392311096,3.2416489124298096,0.3753919005393982,0.7927502393722534,5.419785022735596,-2.669095993041992,1.1922200918197632,5.529085636138916,-2.9100899696350098,0.45695605874061584,3.941023111343384,0.577252209186554,-0.29609838128089905,2.91365122795105,-2.1022183895111084,1.450695276260376,6.397966384887695,1.108106255531311,-0.2506817579269409,3.0205183029174805,-3.1138968467712402,0.7888601422309875,4.673760890960693,-2.9577839374542236,0.8460161685943604,4.836681365966797,-2.937666416168213,0.8518420457839966,4.923100471496582,0.9859731793403625,-0.4456629455089569,2.7078793048858643,-0.9199201464653015,1.1209609508514404,5.855955600738525,1.4766067266464233,0.22540268301963806,4.220485687255859,1.4276214838027954,0.10842634737491608,4.1210036277771,1.4859719276428223,0.25955480337142944,4.340025901794434,0.059482842683792114,-0.21261927485466003,3.079505681991577,1.5623687505722046,0.29033517837524414,4.428297519683838,-1.8985835313796997,1.3957302570343018,6.307417869567871,-2.3073947429656982,0.28004133701324463,3.9090304374694824,-0.06756702810525894,-0.16560791432857513,3.121675729751587,-2.4849870204925537,1.4186800718307495,6.276627540588379,-2.646876573562622,1.1791836023330688,5.6842122077941895,0.4900268614292145,0.7884973287582397,5.376445293426514,0.8909527063369751,0.6924209594726562,5.263461589813232,-1.162932276725769,0.10715162754058838,3.512507200241089,1.046127438545227,-0.3364563584327698,2.941809892654419,-2.7079336643218994,1.0010850429534912,5.468895435333252,-2.3565313816070557,1.4832221269607544,6.433393955230713,-2.446028470993042,0.34285664558410645,3.9217772483825684,-0.8691383600234985,-0.013122012838721275,3.422189474105835,-3.2003095149993896,0.5528185367584229,4.225488185882568,-3.089029550552368,0.6282220482826233,4.538708686828613,-2.6363604068756104,1.0360372066497803,5.543618202209473,1.689941167831421,0.296835720539093,4.65626859664917,1.2543768882751465,-0.13012252748012543,3.561232805252075,-3.110692262649536,0.460527628660202,4.128763198852539,1.7795737981796265,0.4623696506023407,5.006819725036621,-0.3113676607608795,-0.20130349695682526,3.2357959747314453,-1.4744791984558105,0.09760585427284241,3.633981227874756,-2.5268237590789795,1.245543360710144,6.027155876159668,0.20165127515792847,0.7688727378845215,5.490438461303711,1.7680777311325073,0.3057335615158081,4.821866512298584,1.3477004766464233,-0.07250075787305832,3.8737337589263916,-1.8102184534072876,0.1451888382434845,3.749987840652466,-2.2532474994659424,1.4344342947006226,6.454593658447266,-2.876967191696167,0.8656198382377625,5.068150520324707,-2.755058526992798,0.932750403881073,5.315733909606934,-2.1725106239318848,0.2371639758348465,3.9012691974639893,1.4451254606246948,0.5246328115463257,5.185532093048096,1.6581439971923828,0.5177567005157471,5.049218654632568,-2.6407246589660645,1.072047472000122,5.622286796569824,-1.6292784214019775,1.2439055442810059,6.142233371734619,1.2011655569076538,0.5992386341094971,5.236057281494141,-1.2757624387741089,0.0559120811522007,3.570575475692749,0.22228378057479858,-0.32245397567749023,3.039652109146118,1.0397590398788452,-0.4606984555721283,2.871821403503418,1.2685812711715698,-0.1295233815908432,3.720503807067871,-2.882324695587158,0.6876834034919739,4.896230220794678,0.4531003534793854,-0.3498455584049225,2.95029354095459,-1.2526906728744507,1.144342303276062,6.003323078155518,-1.9876880645751953,0.16350063681602478,3.8528056144714355,-0.6947187781333923,1.0032633543014526,5.789527416229248,-1.0959848165512085,0.009286900982260704,3.518819808959961,-0.19187688827514648,-0.2697591483592987,3.2145447731018066,-2.7353575229644775,0.3286325931549072,4.07150936126709,-1.4092202186584473,1.172613501548767,6.063687324523926,1.3886884450912476,0.0460229367017746,3.9606313705444336,-3.006601333618164,0.6888291835784912,4.756333351135254,1.4803768396377563,0.02701539918780327,4.209327220916748,-0.596184253692627,-0.11493406444787979,3.3442928791046143,1.0320374965667725,0.6287223100662231,5.2761921882629395,0.6913021206855774,-0.43346792459487915,2.8635659217834473,1.236472725868225,-0.22211842238903046,3.4003026485443115,-2.574150323867798,1.0677098035812378,5.784588813781738,-1.9271444082260132,1.2308530807495117,6.286696434020996,-1.7013150453567505,1.1500285863876343,6.188337802886963,-2.543001413345337,0.30180513858795166,3.9833438396453857,1.4797183275222778,0.12040535360574722,4.296452045440674,0.8913412094116211,-0.4864948093891144,2.788370132446289,1.2149124145507812,-0.5064750909805298,2.5780045986175537,1.1404657363891602,-0.5443910360336304,2.594386577606201,1.0426872968673706,-0.566731870174408,2.7139079570770264,1.825606107711792,0.27981534600257874,4.885552883148193,1.1809173822402954,-0.40133151412010193,2.9644367694854736,-0.21922807395458221,0.7995961308479309,5.661613941192627,1.086930513381958,-0.4911305010318756,2.740126371383667,1.5317741632461548,0.5171256065368652,5.107790946960449,1.1766643524169922,-0.5379829406738281,2.824782133102417,1.2274433374404907,-0.5444074869155884,2.7212915420532227,-3.057323694229126,0.45620331168174744,4.299901485443115,-2.2985925674438477,1.35405433177948,6.3956780433654785,-1.057417631149292,1.0337375402450562,5.927131175994873,-2.9485957622528076,0.37849825620651245,4.250657081604004,-2.8371832370758057,0.3355655074119568,4.16688871383667,-0.541290283203125,0.9209901094436646,5.736842155456543,1.2875767946243286,-0.27992239594459534,3.6139416694641113,0.7825556993484497,0.6241876482963562,5.367364883422852,1.6226860284805298,0.18941085040569305,4.492128849029541,-2.404550075531006,1.240105152130127,6.209644317626953,1.1951879262924194,-0.4558454751968384,3.1409730911254883,0.4952753782272339,0.6180410385131836,5.478282451629639,0.27192971110343933,-0.42576155066490173,3.052009344100952,0.5257422924041748,-0.48614344000816345,2.948683738708496,-0.5971662402153015,-0.22674377262592316,3.409849166870117,1.553966760635376,0.13996466994285583,4.382956504821777,-2.4991157054901123,0.21754810214042664,4.09887170791626,-1.448783278465271,1.0290169715881348,6.083556652069092,-0.8794701099395752,0.9379660487174988,5.870225429534912,0.01653481088578701,0.7021167278289795,5.577388763427734,1.4468026161193848,-0.04457914084196091,4.1338043212890625,1.7225133180618286,0.1885726898908615,4.6696906089782715,-0.42626428604125977,0.8296478986740112,5.7350616455078125,-2.889310359954834,0.41356515884399414,4.598350524902344,-2.807018995285034,0.640304684638977,5.030282020568848,-2.7368969917297363,0.7870261073112488,5.265630722045898,1.6844837665557861,0.4094856083393097,5.140631198883057,-0.9995934963226318,-0.1288042664527893,3.549649477005005,0.009422929026186466,-0.36886852979660034,3.1580307483673096,1.2100454568862915,-0.48244509100914,2.976126194000244,1.1247225999832153,-0.5945923328399658,2.7355709075927734,-2.1186389923095703,1.2064298391342163,6.29548454284668,0.6005861759185791,-0.5587712526321411,2.927687168121338,1.2582093477249146,-0.34604424238204956,3.468400239944458,-2.665741443634033,0.8017172813415527,5.437384605407715,1.8791866302490234,0.3513646423816681,5.114037036895752,-1.461310863494873,-0.061990827322006226,3.740114688873291,-1.7880324125289917,0.04386373609304428,3.8374154567718506,-1.2026304006576538,-0.07010472565889359,3.617095470428467,-1.3127014636993408,1.0242080688476562,6.040757179260254,-2.2517549991607666,1.1522334814071655,6.2509684562683105,0.3993337154388428,-0.5175858736038208,3.035083770751953,0.73211270570755,-0.5721895098686218,2.8675806522369385,1.2384142875671387,-0.3894038796424866,3.3249671459198,-2.884873390197754,0.5100783705711365,4.694179058074951,-0.6294670701026917,0.8173910975456238,5.796843528747559,0.8176259398460388,-0.5946933627128601,2.8923256397247314,1.6195398569107056,0.1513734608888626,4.542102336883545,-2.463141918182373,0.9973208904266357,5.8950910568237305,1.3824690580368042,-0.17398881912231445,3.97792649269104,1.2418681383132935,0.47017672657966614,5.32204008102417,-2.192960500717163,0.1271064132452011,4.0686798095703125,-2.9291396141052246,0.3860608637332916,4.382454872131348,-2.6124749183654785,0.8424698114395142,5.522634983062744,-1.13478684425354,0.9634579420089722,5.970036506652832,0.8520231246948242,0.4925875663757324,5.408668041229248,1.6811100244522095,0.36171284317970276,5.250847339630127,-1.586081624031067,1.02623450756073,6.1145243644714355,0.34666934609413147,0.6245158314704895,5.510013103485107,-2.9251198768615723,0.4290199279785156,4.492096900939941,-0.8524430394172668,-0.239153191447258,3.576747417449951,-0.2924973666667938,-0.3640139400959015,3.33439564704895,1.053388237953186,-0.6303700804710388,2.8239188194274902,1.5671875476837158,0.029405271634459496,4.410516738891602,1.6263902187347412,0.07551572471857071,4.516083240509033,-2.3487436771392822,0.9570779800415039,5.975942134857178,-0.520595371723175,0.7312083840370178,5.759440898895264,-2.5624330043792725,0.8416609764099121,5.625371932983398,0.21971666812896729,0.5774734020233154,5.568887710571289,1.0824030637741089,-0.6404498219490051,2.913438081741333,0.4877243936061859,-0.5754696130752563,3.030698776245117,1.1370848417282104,-0.5759115815162659,3.073105812072754,1.2728060483932495,-0.270607054233551,3.7525010108947754,1.8755005598068237,0.23399221897125244,5.083373546600342,0.19899293780326843,-0.5318663716316223,3.1800644397735596,0.07257386296987534,-0.47124531865119934,3.202798843383789,-1.7246267795562744,1.0390304327011108,6.177357196807861,1.7653388977050781,0.09769755601882935,4.787729263305664,-1.9278041124343872,1.0447063446044922,6.210243225097656,-0.9990624189376831,0.8143477439880371,5.898937702178955,-2.752800464630127,0.28248098492622375,4.345322608947754,-2.2236382961273193,0.9804178476333618,6.108117580413818,-2.7497377395629883,0.45498910546302795,4.865161418914795,1.52273690700531,0.3874157965183258,5.282337188720703,0.9994292259216309,0.3951517641544342,5.407869815826416,1.4319745302200317,-0.14593833684921265,4.160853862762451,1.5838199853897095,-0.050255924463272095,4.474701881408691,0.9927729368209839,-0.69142085313797,2.853344678878784,1.6867501735687256,0.06107344105839729,4.641473293304443,1.1915587186813354,-0.4785037636756897,3.363165855407715,-0.7126612067222595,0.7469162344932556,5.809545993804932,-0.09444025158882141,0.5784180164337158,5.646894931793213,-1.982733130455017,0.03188697248697281,4.029973983764648,1.9070751667022705,0.1961701512336731,5.012278079986572,-0.4712453782558441,-0.3814111649990082,3.4745917320251465,-0.7193514108657837,-0.302531361579895,3.558889150619507,0.9150233864784241,-0.6422069668769836,2.891787528991699,0.6686766147613525,0.438042551279068,5.454860687255859,1.6639901399612427,-0.005050839390605688,4.570833683013916,1.451417088508606,0.33504948019981384,5.329146862030029,1.9206229448318481,0.2608252763748169,5.164888381958008,-2.7920820713043213,0.3128616213798523,4.4940338134765625,-2.618042230606079,0.6016623973846436,5.283335208892822,-1.4563406705856323,0.870571494102478,6.050065517425537,1.20723557472229,-0.4614236354827881,3.6239771842956543,-1.2139595746994019,0.8470931649208069,5.985344886779785,1.8734146356582642,0.24317121505737305,5.24709939956665,0.44434767961502075,0.4687788486480713,5.510638236999512,-2.575477361679077,0.20177441835403442,4.316372394561768,-1.121124029159546,-0.23205271363258362,3.729985237121582,-0.39144718647003174,0.6744194626808167,5.7315473556518555,0.7977866530418396,-0.6940205097198486,3.0170936584472656,1.4706240892410278,-0.08197837322950363,4.326271057128906,1.2377779483795166,-0.3842555284500122,3.7524707317352295,1.849516749382019,0.070504330098629,4.879108428955078,-1.4156739711761475,-0.1521933376789093,3.8092739582061768,1.0553889274597168,0.3152713179588318,5.411068916320801,1.2801812887191772,-0.32311302423477173,3.9649109840393066,0.08553457260131836,0.5410417914390564,5.600263595581055,-0.07821546494960785,-0.523240864276886,3.3619587421417236,-2.339933156967163,0.1306801438331604,4.2279582023620605,-0.8165777921676636,0.665181040763855,5.838008880615234,0.3362847864627838,0.46788182854652405,5.54145622253418,-0.9705104827880859,0.6445248126983643,5.852911949157715,1.2011215686798096,0.35515448451042175,5.379364967346191,1.1442288160324097,-0.576633632183075,3.3240559101104736,-1.7471716403961182,-0.053966496139764786,3.961782693862915,-2.3516552448272705,0.6611312627792358,5.667319297790527,-2.120487689971924,0.008936649188399315,4.297249794006348,1.6755907535552979,0.2690172493457794,5.2986602783203125,1.0929824113845825,-0.6357355117797852,3.211212635040283,-2.6105260848999023,0.2755587697029114,4.699480056762695,0.8508371710777283,0.3172667324542999,5.438255786895752,1.3933924436569214,-0.17615078389644623,4.335134506225586,-0.2789326310157776,0.5624516606330872,5.697943687438965,-2.6153056621551514,0.203232541680336,4.455766201019287,1.771230697631836,0.035685572773218155,4.785476207733154,0.9922519326210022,-0.6860875487327576,3.188138246536255,-2.4517416954040527,0.5973767042160034,5.501602649688721,0.96834796667099,-0.7384997010231018,3.0285913944244385,1.9850996732711792,0.1273556351661682,5.104150295257568,1.993346095085144,0.19640499353408813,5.2442545890808105,-2.0214037895202637,0.8718661069869995,6.088465213775635,-2.6226115226745605,0.21539828181266785,4.588821887969971,-1.6639816761016846,0.8141633868217468,6.047025203704834,1.1608819961547852,-0.5467347502708435,3.537991523742676,0.7631442546844482,0.28741785883903503,5.4583516120910645,1.4018282890319824,-0.20156623423099518,4.198062896728516,0.3797367215156555,-0.6349222660064697,3.1968095302581787,-1.876212477684021,0.7800989151000977,6.042099475860596,-0.659985363483429,0.6238515377044678,5.792929649353027,-0.34096962213516235,-0.4810786247253418,3.5144622325897217,-2.629742383956909,0.3810466527938843,4.933472156524658,-0.46064454317092896,0.5209960341453552,5.7312469482421875,-0.9125878810882568,-0.358278751373291,3.7694380283355713,1.5102500915527344,-0.18184928596019745,4.455461025238037,1.7003540992736816,-0.02242346666753292,4.716182231903076,-2.356222152709961,0.11738674342632294,4.369322776794434,-1.507200837135315,-0.18262791633605957,3.960453510284424,2.0627024173736572,0.21592043340206146,5.242127895355225,1.598740816116333,-0.12587006390094757,4.619101524353027,1.3369632959365845,0.24724790453910828,5.3637189865112305,1.3538155555725098,-0.3067269027233124,4.162237167358398,-2.147449254989624,0.7791360020637512,5.951181411743164,-2.5046122074127197,0.46638089418411255,5.245851993560791,-1.2501903772354126,0.6935285329818726,5.936149597167969,0.6304831504821777,-0.7360460162162781,3.197291374206543,-1.8907016515731812,-0.07880059629678726,4.228769302368164,-2.115513563156128,0.654808759689331,5.845491886138916,0.28100985288619995,0.3374156951904297,5.55796480178833,0.6031331419944763,0.2841849625110626,5.473852157592773,1.6750154495239258,0.19309648871421814,5.291637897491455,1.8749752044677734,0.036541495472192764,5.000239849090576,-2.4179086685180664,0.09612801671028137,4.432559967041016,-1.2175278663635254,-0.28403759002685547,3.8896617889404297,1.2196403741836548,-0.4214397668838501,3.8403966426849365,-0.20331962406635284,-0.552647590637207,3.5120697021484375,1.350649356842041,-0.27849674224853516,4.32771110534668,1.0738162994384766,-0.6364003419876099,3.40376353263855,-0.627745509147644,-0.41051480174064636,3.649296760559082,-2.4662623405456543,0.18787387013435364,4.674818992614746,1.4742181301116943,0.17902620136737823,5.335137844085693,1.9633315801620483,0.10731219500303268,5.220432758331299,-1.7051639556884766,0.70451420545578,5.984149932861328,1.1679165363311768,0.2112707644701004,5.381200313568115,1.2126365900039673,-0.4223767817020416,4.040318489074707,0.1261717826128006,0.35786718130111694,5.590245246887207,1.7870194911956787,-0.035387441515922546,4.901475429534912,2.0477657318115234,0.10572227090597153,5.20156717300415,0.8566628098487854,-0.7748868465423584,3.20269513130188,-0.08574933558702469,0.37746983766555786,5.638915538787842,0.4497944414615631,0.28892821073532104,5.488273620605469,1.5119872093200684,-0.18915535509586334,4.539753437042236,2.1023035049438477,0.13558495044708252,5.338959217071533,-2.4224014282226562,0.26178961992263794,4.963994026184082,-0.30539268255233765,0.39391279220581055,5.683139324188232,1.8152186870574951,0.020018871873617172,5.146488666534424,0.19964107871055603,-0.693327784538269,3.4545319080352783,1.2096067667007446,-0.4806061387062073,3.9169211387634277,1.789383053779602,0.09437797963619232,5.224168300628662,1.0408037900924683,-0.6723288297653198,3.5508651733398438,0.7835655808448792,-0.7738631963729858,3.2177064418792725,1.1454592943191528,-0.5465546250343323,3.78589129447937,2.1077983379364014,0.06919822841882706,5.287965297698975,1.4092473983764648,-0.27591684460639954,4.408803939819336,1.8175344467163086,-0.026907378807663918,5.065013885498047,1.9213309288024902,0.037981271743774414,5.165412902832031,-2.0781543254852295,-0.05745416879653931,4.3415985107421875,0.42722487449645996,-0.7428626418113708,3.3755788803100586,-2.293501853942871,0.10687010735273361,4.598965644836426,1.683874487876892,-0.12259870022535324,4.889618873596191,0.9061163663864136,-0.7249586582183838,3.418421983718872,-2.3502492904663086,0.401682585477829,5.316127777099609,-2.2437708377838135,0.026342954486608505,4.472914695739746,-1.6066913604736328,0.569132924079895,5.888672828674316,-1.3085076808929443,0.5312371850013733,5.859038829803467,-1.1079051494598389,0.5442079305648804,5.843792915344238,-2.202404737472534,0.5148375034332275,5.613312721252441,0.9594928622245789,0.18963700532913208,5.405657768249512,1.2386480569839478,-0.41777902841567993,4.293888092041016,-1.8310707807540894,0.6007199883460999,5.897727012634277,1.3874038457870483,0.06633604317903519,5.3349080085754395,1.5675129890441895,0.011167005635797977,5.25811243057251,-1.5297212600708008,-0.21158559620380402,4.1469645500183105,-0.7225062251091003,0.40102770924568176,5.739935398101807,0.03581317514181137,-0.6641997694969177,3.556121349334717,1.603140115737915,-0.16122157871723175,4.733301162719727,1.4304341077804565,-0.27840811014175415,4.505952835083008,-2.335543632507324,0.1561584770679474,4.787775993347168,-0.6258822679519653,-0.45853087306022644,3.7772536277770996,1.834418773651123,-0.01570189744234085,5.215627193450928,-1.6537280082702637,-0.2199578583240509,4.216223239898682,-1.05641770362854,-0.40534350275993347,4.012970447540283,-2.2497928142547607,0.17241749167442322,4.971250057220459,1.5121575593948364,-0.22519522905349731,4.671346664428711,0.7925940155982971,-0.7364451885223389,3.4134364128112793,-2.0731236934661865,-0.06582817435264587,4.456205368041992,-1.010157585144043,0.44253793358802795,5.77840518951416,-0.3755212128162384,-0.5927227735519409,3.831444025039673,0.6080050468444824,-0.7963398694992065,3.3690497875213623,1.1950503587722778,0.005452701356261969,5.336143970489502,0.977664053440094,-0.6639053821563721,3.732100486755371,-2.03365159034729,0.43267586827278137,5.634802341461182,-2.234936475753784,0.26149141788482666,5.178499698638916,0.7669554352760315,0.08474144339561462,5.413516998291016,0.8802016973495483,0.13091732561588287,5.409698963165283,1.3034204244613647,-0.3919459283351898,4.409756660461426,-2.0423755645751953,-0.026277616620063782,4.582914352416992,-2.0462911128997803,0.0037068736273795366,4.746420383453369,1.1100345849990845,-0.5616430640220642,3.999971866607666,0.5624637603759766,0.13791196048259735,5.460146903991699,-2.160343647003174,0.07940696179866791,4.823810577392578,-2.1566312313079834,0.2990243434906006,5.33544397354126,-1.7974954843521118,-0.1706850677728653,4.351135730743408,0.6419168710708618,-0.7822480201721191,3.4640753269195557,0.02914709411561489,0.2293134480714798,5.583694934844971,0.17219895124435425,0.1657603532075882,5.530274391174316,-0.1601838767528534,-0.6623994708061218,3.7556374073028564,1.1093140840530396,-0.504296064376831,4.235196590423584,-0.6047818660736084,-0.4937295615673065,3.906848192214966,0.7807506322860718,-0.7224591970443726,3.658461570739746,1.6919143199920654,-0.1473124772310257,5.013296127319336,-1.7870806455612183,0.41707345843315125,5.708519458770752,-0.5652520060539246,0.2530151605606079,5.645542621612549,0.3181340992450714,0.106694795191288,5.451074600219727,1.0412079095840454,0.0026897264178842306,5.352867603302002,-1.4733381271362305,0.404341459274292,5.76017427444458,-1.417952537536621,-0.32052576541900635,4.138458728790283,0.2926672697067261,-0.770746111869812,3.6121881008148193,1.6017723083496094,-0.21499569714069366,4.976879596710205,1.6365724802017212,-0.10565746575593948,5.09031343460083,1.6731582880020142,-0.09177068620920181,5.196588039398193,-1.9972472190856934,0.1402328759431839,5.167576313018799,1.3688948154449463,-0.3463917076587677,4.5860395431518555,-1.8957170248031616,-0.0805819183588028,4.645247459411621,-1.9641939401626587,0.27736642956733704,5.442195892333984,-1.6503485441207886,-0.1925029456615448,4.392055988311768,-2.048950433731079,0.0841379165649414,4.969864368438721,1.4902952909469604,-0.2657226324081421,4.820662021636963,-0.19382832944393158,0.17138990759849548,5.594504356384277,-1.1539875268936157,0.3382016718387604,5.72152042388916,-0.968967854976654,0.2727012038230896,5.65920352935791,1.4354523420333862,-0.06348573416471481,5.27466344833374,1.5788325071334839,-0.059935927391052246,5.2726640701293945,-1.5345646142959595,0.3590438663959503,5.709597587585449,-1.0201139450073242,-0.47046738862991333,4.040820121765137,0.5544775724411011,-0.8239358067512512,3.6500678062438965,-1.2551639080047607,-0.3791085183620453,4.219691276550293,0.42540785670280457,-0.8163183927536011,3.605034351348877,0.9454554915428162,-0.6656685471534729,3.8925559520721436,0.823692798614502,-0.7124240398406982,3.8409152030944824,1.3665155172348022,-0.3415513336658478,4.822854995727539,0.9889364242553711,-0.6185116171836853,4.102624416351318,-1.4608575105667114,-0.2416830062866211,4.367288112640381,-0.7645359635353088,0.14398963749408722,5.570696830749512,-1.8904073238372803,0.025336286053061485,4.9854044914245605,-1.6490644216537476,0.25446006655693054,5.549576282501221,-1.6679590940475464,-0.16287067532539368,4.6135406494140625,-1.4481271505355835,-0.24868638813495636,4.493048191070557,0.34253665804862976,-0.05317573994398117,5.380363941192627,-1.8124620914459229,-0.07323997467756271,4.791954040527344,1.0466012954711914,-0.16244353353977203,5.26455545425415,1.5010724067687988,-0.17360132932662964,5.085988521575928,-0.6454313397407532,-0.5488988161087036,3.9276175498962402,1.0980253219604492,-0.5315313339233398,4.386804580688477,0.5973540544509888,-0.7748734951019287,3.7763519287109375,0.6074093580245972,-0.04038909822702408,5.3694610595703125,1.2718480825424194,-0.16348896920681,5.256864070892334,-1.8166605234146118,0.14475809037685394,5.309203624725342,-1.4206856489181519,0.22208251059055328,5.574835300445557,1.4957144260406494,-0.15675079822540283,5.233247756958008,0.202391117811203,0.0024742719251662493,5.413942813873291,-1.6551907062530518,0.15297305583953857,5.407003402709961,-0.2366621047258377,-0.6910222172737122,3.8127145767211914,-1.59693443775177,-0.14442090690135956,4.799417018890381,-1.7986053228378296,0.05459223687648773,5.144739151000977,1.1842156648635864,-0.44427984952926636,4.701827049255371,-1.15436851978302,0.11324251443147659,5.4901862144470215,0.7709000706672668,-0.10607601702213287,5.31873893737793,1.1109389066696167,-0.49668025970458984,4.582308769226074,-0.7567923665046692,-0.5276609063148499,4.064310550689697,-0.49241721630096436,-0.599119246006012,3.964221477508545,0.11268560588359833,-0.7692344784736633,3.6978695392608643,0.6354080438613892,-0.754039466381073,3.9225916862487793,-1.0338289737701416,-0.466968297958374,4.184971332550049,0.8784305453300476,-0.6536145806312561,4.169456481933594,-1.4497500658035278,-0.2045837938785553,4.729281425476074,-0.44459712505340576,0.08013909310102463,5.546665191650391,-1.711849570274353,-0.03917370364069939,5.007999897003174,-0.9382236003875732,0.08755116164684296,5.49284553527832,-0.10795670747756958,-0.010096846148371696,5.465983867645264,-1.3427391052246094,-0.27276068925857544,4.590327262878418,1.3398709297180176,-0.3247115910053253,4.98638391494751,0.8681936860084534,-0.6073605418205261,4.2926788330078125,-1.544364333152771,0.057915233075618744,5.305015563964844,-1.4106061458587646,0.08456438034772873,5.387596130371094,-1.1953110694885254,-0.3385394215583801,4.497697830200195,1.299932837486267,-0.2600732743740082,5.068816661834717,-0.8456993103027344,-0.48323574662208557,4.219539642333984,-0.5176878571510315,-0.5404406189918518,4.092332363128662,-1.6036795377731323,0.004119815304875374,5.175390243530273,-0.5935021042823792,-0.5270622372627258,4.3136396408081055,-0.16459137201309204,-0.7201868295669556,3.912409543991089,-1.0212093591690063,-0.4193272292613983,4.374021530151367,1.2168642282485962,-0.24061021208763123,5.190454483032227,-1.509260892868042,-0.11783234030008316,4.977293014526367,0.3266904056072235,-0.8084841966629028,3.7688894271850586,0.9807344079017639,-0.564601480960846,4.517320156097412,-1.1348134279251099,-0.3403114676475525,4.581847190856934,-0.39450803399086,-0.5931400656700134,4.198403358459473,0.6323863863945007,-0.7247974276542664,4.071423053741455,-1.2277781963348389,-0.01213539857417345,5.30510139465332,-1.3942484855651855,-0.09715120494365692,5.07712984085083,-1.3293571472167969,-0.20877531170845032,4.828920841217041,0.9488621354103088,-0.24796666204929352,5.205720901489258,1.2084294557571411,-0.4045238494873047,4.864614963531494,0.13895127177238464,-0.7388063073158264,3.8885788917541504,-0.18920844793319702,-0.672319769859314,4.082418441772461,-1.3678256273269653,-0.03813065588474274,5.20371675491333,-0.49421989917755127,-0.023742370307445526,5.45326566696167,0.09736694395542145,-0.151478573679924,5.315354824066162,-1.1158355474472046,-0.27421998977661133,4.801200866699219,-1.0140736103057861,-0.10726501792669296,5.225677967071533,-0.8400236964225769,-0.02743690088391304,5.379441261291504,0.41469720005989075,-0.7745559811592102,3.932008743286133,0.5689345598220825,-0.15805809199810028,5.297637462615967,0.8073129653930664,-0.6177893280982971,4.422150611877441,-0.7975835800170898,-0.46153151988983154,4.462818622589111,0.7054332494735718,-0.6848496794700623,4.218318939208984,-1.1743652820587158,-0.11982067674398422,5.141265869140625,-1.149085521697998,-0.2362222671508789,4.90402364730835,1.0467530488967896,-0.32928356528282166,5.072842121124268,-0.10718008130788803,-0.6961658000946045,4.008865833282471,1.147382140159607,-0.38637658953666687,4.957162380218506,-0.3950274884700775,-0.5702588558197021,4.3699750900268555,-0.9537796974182129,-0.36975038051605225,4.655391216278076,-1.2224926948547363,-0.16943122446537018,5.011483192443848,0.14387840032577515,-0.7358009219169617,4.023897647857666,0.6860246658325195,-0.2815742790699005,5.1764984130859375,-0.2305876910686493,-0.6401516199111938,4.239232063293457,0.3384634852409363,-0.21131308376789093,5.261612892150879,0.8811482787132263,-0.5708839893341064,4.562295913696289,0.9939461946487427,-0.5017372369766235,4.725919723510742,-0.6399170756340027,-0.10625892877578735,5.335634708404541,-0.05109722912311554,-0.2366245537996292,5.232536315917969,-0.868787407875061,-0.32284286618232727,4.845037937164307,0.47887444496154785,-0.719947338104248,4.241778373718262,-0.7905118465423584,-0.15557217597961426,5.215751647949219,0.2953777015209198,-0.7198981046676636,4.239136219024658,-0.44454532861709595,-0.11144242435693741,5.365273475646973,-0.2651526927947998,-0.17191360890865326,5.306305408477783,0.4260738492012024,-0.30033835768699646,5.173533916473389,1.0142368078231812,-0.43778523802757263,4.912953853607178,-0.8015025854110718,-0.385978102684021,4.714892864227295,-0.9292377233505249,-0.2299138605594635,5.030413627624512,0.13660168647766113,-0.7201603651046753,4.16302490234375,0.5959005951881409,-0.6700567603111267,4.388160228729248,0.8521356582641602,-0.3795069754123688,5.049108028411865,-0.6218611598014832,-0.4758443832397461,4.564455986022949,-0.030240776017308235,-0.6749278903007507,4.2799201011657715,-0.42115315794944763,-0.5147188901901245,4.57351016998291,-0.7101652026176453,-0.2657187581062317,5.056046962738037,-0.5901806354522705,-0.207871675491333,5.2027506828308105,0.704976499080658,-0.5893481969833374,4.631916522979736,0.8081322908401489,-0.5307192802429199,4.7632293701171875,-0.7043955326080322,-0.37522751092910767,4.81057596206665,0.5864755511283875,-0.3884410858154297,5.050554275512695,0.15572500228881836,-0.31327396631240845,5.158385276794434,-0.32658037543296814,-0.27275076508522034,5.153707027435303,0.7685282230377197,-0.4670703709125519,4.924105167388916,-0.13586021959781647,-0.6151760220527649,4.4459333419799805,0.003915709443390369,-0.6415867209434509,4.4514994621276855,0.5093324780464172,-0.6586506962776184,4.478118419647217,0.14204378426074982,-0.6726553440093994,4.403419017791748,-0.46422526240348816,-0.41945841908454895,4.80987548828125,-0.4714898467063904,-0.32257264852523804,5.017217636108398,0.33413055539131165,-0.4582401514053345,4.944818496704102,-0.27541741728782654,-0.5402387380599976,4.599312782287598,-0.2820039391517639,-0.42001694440841675,4.887892723083496,-0.0323517806828022,-0.3655257225036621,5.066616535186768,0.5271327495574951,-0.5182678699493408,4.842081069946289,0.08692846447229385,-0.4397290050983429,4.956431865692139,0.28590336441993713,-0.6526691913604736,4.516056060791016,-0.1354953646659851,-0.41190722584724426,4.956249237060547,-0.12994486093521118,-0.5370010137557983,4.699343204498291,0.38701146841049194,-0.598464846611023,4.671282768249512,0.12277412414550781,-0.5839464664459229,4.671299457550049
