1490011070.7204158_7428.png,2.1150732040405273,-4.436110496520996,-34.78208541870117,1.609128475189209,-5.603703498840332,-34.21979522705078,3.175401449203491,-5.6467204093933105,-34.763465881347656,1.187098503112793,-4.583789825439453,-34.48893356323242,2.2370729446411133,-6.401030540466309,-34.21180725097656,1.8769853115081787,-7.29680061340332,-33.84547424316406,0.9312712550163269,-6.620824337005615,-33.735294342041016,1.1440929174423218,-7.7052178382873535,-33.5476188659668,2.590214490890503,-7.034224510192871,-34.19044876098633,3.090747833251953,-4.469295978546143,-35.129886627197266,0.516074001789093,-5.734399318695068,-33.914344787597656,3.9959874153137207,-4.564877510070801,-35.56818389892578,1.6256165504455566,-7.97675895690918,-33.67060852050781,3.8850207328796387,-6.879098415374756,-34.90528106689453,2.676023006439209,-3.670619487762451,-35.309844970703125,-0.22053241729736328,-5.112598896026611,-34.051719665527344,0.09162235260009766,-7.154147624969482,-33.424652099609375,4.259477138519287,-5.836014747619629,-35.34964370727539,2.997173547744751,-8.304490089416504,-34.182804107666016,2.952509880065918,-7.736945152282715,-34.23905944824219,3.5925683975219727,-7.645871162414551,-34.58610916137695,1.3676338195800781,-3.0992543697357178,-35.23456573486328,-0.49021804332733154,-6.609175682067871,-33.4633903503418,2.4526898860931396,-8.894546508789062,-33.88408279418945,2.6577205657958984,-2.6827800273895264,-35.81292724609375,-0.25862789154052734,-4.056594371795654,-34.52764892578125,3.697579860687256,-3.5042943954467773,-35.84064483642578,0.5470795631408691,-8.671749114990234,-33.33693313598633,0.936826229095459,-8.973772048950195,-33.394248962402344,1.5124868154525757,-9.311400413513184,-33.53169631958008,4.68192195892334,-4.4261274337768555,-36.04364013671875,-0.4257832169532776,-7.89881706237793,-33.235801696777344,0.48739951848983765,-2.7172582149505615,-35.326961517333984,-1.1081422567367554,-6.060775279998779,-33.56025314331055,4.579448223114014,-6.788966655731201,-35.4115104675293,4.959275722503662,-5.538751602172852,-35.92406463623047,-0.09011220932006836,-8.662644386291504,-33.26474380493164,2.975822687149048,-9.144643783569336,-34.13470458984375,4.007919788360596,-2.3095145225524902,-36.50114059448242,3.8321492671966553,-8.442216873168945,-34.63837432861328,4.349075794219971,-8.447689056396484,-34.98944854736328,-1.0265343189239502,-4.545036315917969,-34.27539825439453,-1.2259130477905273,-8.112281799316406,-33.110225677490234,-1.5077295303344727,-7.073489665985107,-33.23012924194336,4.91463565826416,-2.861647605895996,-36.783233642578125,3.4667303562164307,-9.09891414642334,-34.385169982910156,-0.6124073266983032,-8.69929313659668,-33.1348991394043,0.7186456322669983,-9.40045166015625,-33.43769836425781,2.2467823028564453,-1.4169747829437256,-36.28215026855469,3.3678817749023438,-1.3831186294555664,-36.621681213378906,2.276292324066162,-9.523926734924316,-33.847984313964844,-0.06816256046295166,-2.8929250240325928,-35.255313873291016,5.644979476928711,-4.947978973388672,-36.68490982055664,-1.4977092742919922,-5.157386779785156,-33.95378494262695,-1.8128087520599365,-6.217106342315674,-33.5081787109375,4.38433313369751,-1.3762593269348145,-37.0222282409668,4.873441219329834,-7.535385608673096,-35.54361343383789,0.9660717844963074,-1.7539149522781372,-35.92477035522461,5.247731685638428,-4.069656848907471,-36.61338424682617,0.16114509105682373,-9.217643737792969,-33.23905944824219,5.444036960601807,-6.317440986633301,-36.19451141357422,1.829925775527954,-10.385762214660645,-33.731048583984375,2.5920560359954834,-9.815881729125977,-33.916770935058594,5.336155414581299,-1.766980528831482,-37.3865966796875,-2.0891523361206055,-8.007122039794922,-33.01272964477539,-2.4006457328796387,-6.640756607055664,-33.29033279418945,0.7444188594818115,-9.740392684936523,-33.417606353759766,5.8341569900512695,-2.920229911804199,-37.404109954833984,1.1220762729644775,-0.6247613430023193,-36.49610900878906,2.680940866470337,-0.2843888998031616,-36.9076042175293,4.276013374328613,-0.10560056567192078,-37.50093460083008,5.25358247756958,-0.7045949697494507,-37.73079299926758,3.4895639419555664,-9.912641525268555,-34.368446350097656,4.068431377410889,-9.556316375732422,-34.78022003173828,5.496223449707031,-7.007814884185791,-36.1527214050293,-2.769294023513794,-8.080205917358398,-32.879058837890625,2.3046951293945312,-10.273735046386719,-33.87285614013672,3.728579521179199,0.7456341981887817,-37.700111389160156,-1.4989601373672485,-8.999106407165527,-33.057960510253906,6.004690170288086,-4.0003662109375,-37.299522399902344,-0.568359375,-9.549724578857422,-33.24338912963867,-0.26601046323776245,-9.955628395080566,-33.330631256103516,-2.363339900970459,-5.419659614562988,-33.88663864135742,0.23536908626556396,-10.410968780517578,-33.52143859863281,4.0276288986206055,-10.446212768554688,-34.64427185058594,3.2620949745178223,-10.808085441589355,-34.179561614990234,2.322638750076294,0.5990346670150757,-37.28047561645508,-0.7299719452857971,-3.262831211090088,-35.009063720703125,-3.04264235496521,-6.658936500549316,-33.34968948364258,5.824166774749756,0.4732370376586914,-38.58907699584961,6.220300674438477,-5.796884536743164,-37.15699005126953,4.591591835021973,-9.92193603515625,-35.13835144042969,4.899550437927246,-8.698073387145996,-35.43659973144531,2.684845447540283,-10.939064025878906,-34.04545593261719,-0.1844051480293274,-1.8864164352416992,-35.80199432373047,1.4503920078277588,-10.52256965637207,-33.65650177001953,6.283212661743164,-1.3849045038223267,-38.174034118652344,4.174173831939697,1.587175965309143,-38.297508239746094,-0.2922946810722351,-1.137732982635498,-36.359378814697266,1.0701260566711426,0.37639516592025757,-37.04941940307617,-1.8527905941009521,-3.8544187545776367,-34.83407211303711,5.192602634429932,1.005184292793274,-38.44745635986328,-3.4125895500183105,-7.982946395874023,-32.8546257019043,-3.1745169162750244,-5.604246139526367,-34.001617431640625,-2.68546462059021,-9.010308265686035,-32.96217346191406,3.7575364112854004,-10.924345016479492,-34.44551467895508,2.959357500076294,1.49606192111969,-37.9009895324707,6.312029838562012,-0.16900180280208588,-38.68166732788086,-2.549619197845459,-4.663329601287842,-34.467376708984375,-3.0190141201019287,-8.479574203491211,-33.00526428222656,-1.8357884883880615,-9.62608814239502,-33.21297073364258,5.744515895843506,-8.005630493164062,-36.44158935546875,6.48362398147583,-2.794358253479004,-37.97919845581055,-3.684345006942749,-7.241503715515137,-33.17805099487305,-1.1148853302001953,-10.145543098449707,-33.43071746826172,6.411072254180908,-4.558266639709473,-37.701995849609375,6.1120500564575195,-6.597518444061279,-36.995792388916016,5.981497287750244,1.7185485363006592,-39.24668502807617,-1.2869662046432495,-2.8339035511016846,-35.43484878540039,4.762722969055176,2.6470179557800293,-39.10188674926758,2.1996634006500244,-11.284900665283203,-33.97692108154297,3.3225512504577637,-11.240377426147461,-34.31244659423828,3.6773934364318848,-11.646354675292969,-34.480224609375,0.0067147016525268555,-0.22561830282211304,-36.83420944213867,-0.3245571255683899,-10.748942375183105,-33.69162368774414,1.6214035749435425,-11.369730949401855,-34.038230895996094,5.09303617477417,-9.881927490234375,-35.63839340209961,5.494884014129639,-8.790657043457031,-36.14405059814453,1.3127468824386597,1.217160701751709,-37.584232330322266,3.4386558532714844,2.837913990020752,-38.824031829833984,-1.8161169290542603,-3.038234233856201,-35.457275390625,-1.4040992259979248,-2.193920135498047,-36.025367736816406,0.7992004752159119,-11.088470458984375,-33.89909744262695,2.977571725845337,-11.853260040283203,-34.246299743652344,4.573924541473389,-11.305814743041992,-35.047874450683594,7.040439128875732,-0.8132500648498535,-39.04218292236328,6.845242977142334,-1.60142183303833,-38.60594940185547,-3.6249372959136963,-8.621997833251953,-33.0046501159668,6.71928596496582,-3.6334228515625,-38.187320709228516,2.2934787273406982,2.0826048851013184,-38.17097473144531,5.445842742919922,3.0763304233551025,-39.6566276550293,-3.981747627258301,-8.10678482055664,-32.90092086791992,-2.7969884872436523,-9.509967803955078,-33.16081237792969,7.131033420562744,-2.974846124649048,-38.691734313964844,6.081907749176025,-7.530590057373047,-36.93830108642578,-0.7949154376983643,-1.8203017711639404,-36.001060485839844,-4.041503429412842,-5.9840087890625,-34.04431915283203,4.159252166748047,-11.938763618469238,-34.71873092651367,6.83419132232666,0.7747948169708252,-39.455162048339844,1.9061635732650757,-12.036576271057129,-34.25857925415039,3.7406201362609863,-12.33195686340332,-34.541194915771484,4.9249701499938965,-10.847959518432617,-35.457618713378906,-4.743602275848389,-7.843456745147705,-33.03575897216797,2.3853654861450195,2.9802098274230957,-38.796180725097656,4.184358596801758,3.605884313583374,-39.48673629760742,-2.189561367034912,-3.495684862136841,-35.239994049072266,6.721746921539307,-5.27606201171875,-37.96677780151367,7.5146684646606445,-2.0924181938171387,-39.270633697509766,-1.8479431867599487,-10.12580680847168,-33.454219818115234,0.33345264196395874,0.8135013580322266,-37.43647003173828,5.843343734741211,-9.0446195602417,-36.7535285949707,0.20902709662914276,-11.473339080810547,-34.1738395690918,5.865545749664307,-8.442755699157715,-36.72665023803711,-4.439682960510254,-6.901342868804932,-33.516841888427734,-2.638835906982422,-3.810558319091797,-35.22163772583008,0.7626416087150574,2.16351580619812,-38.297447204589844,-3.333134174346924,-9.480311393737793,-33.19660949707031,-4.893316745758057,-8.90807056427002,-33.08111572265625,-4.8847270011901855,-7.345983505249023,-33.36295700073242,-3.9260010719299316,-8.908119201660156,-33.019996643066406,2.678781032562256,-12.50356388092041,-34.39563751220703,6.940060615539551,2.7657203674316406,-40.399845123291016,7.5070600509643555,-0.09902733564376831,-39.7366943359375,4.475914001464844,4.194873809814453,-39.90039825439453,-1.257422924041748,-1.3598395586013794,-36.57118225097656,1.150679349899292,-11.909765243530273,-34.317874908447266,7.798375129699707,1.7560771703720093,-40.62272644042969,4.746523857116699,-12.172308921813965,-35.32242202758789,4.246823310852051,-12.551427841186523,-34.794898986816406,5.563411235809326,-10.25184440612793,-36.306861877441406,5.656252384185791,-9.626558303833008,-36.503379821777344,1.1027371883392334,2.5798726081848145,-38.541839599609375,1.663803219795227,3.084998369216919,-38.876060485839844,-5.139860153198242,-8.497867584228516,-32.963077545166016,-1.682909607887268,-10.574913024902344,-33.85811996459961,-1.0485353469848633,-10.85799789428711,-33.88420486450195,-3.046351671218872,-4.43704080581665,-34.83139419555664,4.879465103149414,-11.60295295715332,-35.487953186035156,-4.0701069831848145,-9.455434799194336,-33.26355743408203,-2.5121474266052246,-10.21487045288086,-33.592987060546875,2.727504014968872,4.170253276824951,-39.56082534790039,5.911509037017822,4.224632263183594,-40.63688278198242,7.686117649078369,-1.0950583219528198,-39.640010833740234,-3.7973098754882812,-5.453489303588867,-34.57533645629883,-4.601827621459961,-9.15328311920166,-33.210758209228516,4.016586780548096,-13.520614624023438,-34.85601806640625,7.96937894821167,-0.6684468984603882,-40.06977081298828,-0.3335146903991699,0.4529397785663605,-37.43976593017578,-0.020252801477909088,1.3119385242462158,-37.93461990356445,0.570663571357727,-11.79986572265625,-34.561683654785156,8.310338020324707,0.6802017688751221,-40.748931884765625,3.1413848400115967,-13.257166862487793,-34.70526123046875,-3.6496856212615967,-4.908781051635742,-34.827239990234375,7.054276466369629,-3.8363473415374756,-38.6858024597168,4.546504974365234,5.346040725708008,-40.711402893066406,-1.0415536165237427,-0.6179386973381042,-36.99795150756836,7.093379974365234,-4.700922012329102,-38.832725524902344,-5.412201404571533,-7.636153221130371,-33.20637130737305,-2.186098098754883,-2.73980450630188,-35.89748764038086,1.7367781400680542,-12.716981887817383,-34.629798889160156,4.205853462219238,-13.054607391357422,-34.91178512573242,4.685529708862305,-13.177431106567383,-35.24274826049805,4.695143222808838,-12.504015922546387,-35.10457229614258,6.512840747833252,-7.695295333862305,-37.995399475097656,-5.834045886993408,-8.140289306640625,-33.12125778198242,3.488109588623047,5.012996673583984,-40.14589309692383,-3.1963114738464355,-10.18372631072998,-33.669803619384766,5.340516090393066,-11.179107666015625,-36.19227600097656,6.545793533325195,-6.966036319732666,-37.88542556762695,6.982018947601318,-5.8872270584106445,-38.514259338378906,7.617318630218506,-2.9032068252563477,-39.43825912475586,-0.5864468812942505,-11.358559608459473,-34.23906326293945,8.010900497436523,2.6078710556030273,-41.169002532958984,-5.72920560836792,-8.898821830749512,-33.118133544921875,-4.797364711761475,-6.347576141357422,-34.08944320678711,1.3337700366973877,4.038484573364258,-39.52000045776367,-3.303905963897705,-4.0566253662109375,-35.37196350097656,5.257743835449219,-11.746987342834473,-36.027305603027344,7.623441219329834,3.695401668548584,-41.512229919433594,-0.8198278546333313,0.42377856373786926,-37.671356201171875,0.01628880202770233,2.1635348796844482,-38.54471206665039,8.153489112854004,-1.4911479949951172,-40.253170013427734,6.268960475921631,-8.518135070800781,-37.69923782348633,-4.172817707061768,-10.037364959716797,-33.717498779296875,8.506685256958008,-0.273435115814209,-40.75960159301758,-5.395296573638916,-7.049619674682617,-33.94361877441406,-2.268183946609497,-10.56377124786377,-33.91312789916992,5.098548889160156,-12.617728233337402,-35.93931579589844,5.89487361907959,-9.566682815551758,-37.200931549072266,6.332640171051025,4.622617244720459,-41.285484313964844,-2.269296407699585,-2.2572500705718994,-36.46271896362305,-0.603687047958374,1.5324046611785889,-38.489501953125,-4.394877910614014,-5.7551164627075195,-34.56977844238281,3.123445510864258,5.942971229553223,-40.60890579223633,7.486231327056885,-3.811720371246338,-39.38443374633789,-1.7535357475280762,-1.411309003829956,-36.93920135498047,0.553321123123169,3.282956600189209,-39.19969940185547,-6.090411186218262,-7.721493721008301,-33.36494445800781,4.653326988220215,-13.971450805664062,-35.28957748413086,8.234442710876465,-2.088413715362549,-40.47585678100586,2.048532009124756,5.073904991149902,-40.13808822631836,-5.329997539520264,-9.19844913482666,-33.34982681274414,5.208495140075684,5.711787700653076,-41.586021423339844,3.380157470703125,-14.119598388671875,-35.08842086791992,1.9848010540008545,5.848545074462891,-40.63311004638672,-2.757866382598877,-3.0973148345947266,-36.00525665283203,8.72057056427002,1.3123347759246826,-41.334014892578125,7.996453285217285,-2.486755132675171,-40.18414306640625,2.4353222846984863,-13.517518997192383,-34.90892791748047,-0.08271488547325134,-11.75143814086914,-34.57288360595703,5.844023704528809,-10.211668968200684,-37.32659149169922,6.940110206604004,-6.593776702880859,-38.759944915771484,0.6938751935958862,-12.139863014221191,-34.72233200073242,-3.976646900177002,-4.8697285652160645,-35.15773010253906,3.7671706676483154,6.5745697021484375,-41.3851203918457,8.634621620178223,3.1315064430236816,-41.99219512939453,6.786173343658447,4.907399654388428,-42.06227493286133,5.623656749725342,-11.35593318939209,-36.990028381347656,9.197089195251465,1.843021035194397,-41.96097946166992,0.2697390615940094,2.8441672325134277,-38.951454162597656,-5.043866157531738,-5.944393157958984,-34.90164566040039,4.783363342285156,-13.659876823425293,-35.685157775878906,-1.7623722553253174,-0.736285924911499,-37.42538070678711,-4.3309736251831055,-5.537858486175537,-35.13025665283203,5.082993030548096,-13.460914611816406,-36.22050857543945,6.090327262878418,-9.325655937194824,-37.759727478027344,-1.3589308261871338,0.1131812259554863,-37.8282470703125,8.742338180541992,-0.9144250750541687,-41.08042526245117,5.330985069274902,-12.494919776916504,-36.63969802856445,4.782908916473389,-14.314624786376953,-35.514286041259766,5.627172470092773,-10.894754409790039,-37.34001159667969,0.08870911598205566,-12.084386825561523,-35.03896713256836,0.825084924697876,-12.623284339904785,-34.97256851196289,-3.4799318313598633,-10.40970230102539,-33.89604949951172,-1.0443344116210938,-11.539545059204102,-34.61002731323242,7.331937789916992,-5.200857639312744,-39.41542434692383,-6.8804755210876465,-8.503997802734375,-33.34827423095703,3.839261531829834,-14.57889461517334,-35.23897933959961,-5.386253356933594,-6.5956292152404785,-34.30867385864258,2.5186822414398193,6.6906890869140625,-41.06937026977539,3.022214412689209,7.042040824890137,-41.45429611206055,-5.989028453826904,-9.096817016601562,-33.089447021484375,-5.999246120452881,-6.978221893310547,-34.423797607421875,7.669584274291992,4.368976593017578,-42.18793869018555,-0.9648582935333252,1.2218211889266968,-38.40922164916992,1.2052128314971924,4.867681503295898,-40.167510986328125,-3.6310129165649414,-3.928088665008545,-35.87758255004883,6.802233695983887,-7.409965515136719,-39.03764343261719,4.608187198638916,6.314838886260986,-41.9384765625,-6.630444049835205,-8.890460968017578,-33.143157958984375,-6.3552470207214355,-9.423053741455078,-33.38723373413086,-0.5853893160820007,-11.84158992767334,-34.82168197631836,-2.9649038314819336,-10.78048038482666,-34.285560607910156,1.7557244300842285,-13.315866470336914,-35.077674865722656,4.229082107543945,-14.921743392944336,-35.35724639892578,7.587724208831787,-4.526434421539307,-40.0516471862793,7.874091148376465,-3.446150541305542,-40.17264938354492,9.44367504119873,0.1182790994644165,-42.03177261352539,-5.075936317443848,-9.816767692565918,-33.78309631347656,-6.465366363525391,-7.627215385437012,-33.927127838134766,9.411498069763184,0.815748929977417,-42.007286071777344,-6.407861232757568,-7.813516139984131,-33.68329620361328,2.7851204872131348,-14.342573165893555,-35.37932586669922,-3.9909451007843018,-4.7500200271606445,-35.43962478637695,-2.6555263996124268,-2.037921667098999,-37.058021545410156,-2.373737335205078,-11.00972843170166,-34.34824752807617,6.249208450317383,5.541034698486328,-42.53777313232422,-1.4132804870605469,-11.417485237121582,-34.71367645263672,2.062087059020996,-13.783740997314453,-35.3277702331543,-0.3406424820423126,2.809542179107666,-39.24624252319336,1.430598497390747,6.029235363006592,-40.8947639465332,1.3141776323318481,-13.048583030700684,-35.12372970581055,-0.7609269618988037,2.2030889987945557,-39.121681213378906,0.4618111252784729,3.93107008934021,-39.74821853637695,-2.126056432723999,-11.107473373413086,-34.66799545288086,-3.1070396900177,-3.067314386367798,-36.4929084777832,-3.0420992374420166,-2.3904857635498047,-37.021121978759766,8.736674308776855,3.9927330017089844,-42.85573196411133,-5.693832874298096,-9.458319664001465,-33.70320510864258,-2.2724485397338867,-1.484088659286499,-37.40666198730469,6.578123092651367,-8.125322341918945,-38.81912612915039,-7.4907379150390625,-8.857526779174805,-33.37662124633789,-1.3946318626403809,0.9533838629722595,-38.6201057434082,-4.280175685882568,-10.268206596374512,-34.09574508666992,2.252070426940918,7.443649768829346,-41.60488510131836,-7.254917621612549,-8.168267250061035,-33.61168670654297,-5.672521114349365,-6.550238132476807,-34.64567565917969,9.265737533569336,-0.7943439483642578,-42.025665283203125,-4.333492755889893,-4.613655090332031,-35.73175048828125,5.786677360534668,-10.602630615234375,-37.79744338989258,7.332491874694824,-5.92902946472168,-39.61367416381836,9.300874710083008,2.963331460952759,-42.566917419433594,3.22432804107666,-14.577890396118164,-35.492279052734375,-1.495428442955017,0.6112576723098755,-38.38798904418945,8.770898818969727,-1.6519970893859863,-41.36113357543945,-3.7595102787017822,-10.492389678955078,-34.32234573364258,-4.715366363525391,-5.494826316833496,-35.6426887512207,5.0206618309021,-14.70626449584961,-36.010005950927734,-1.7213975191116333,-0.05794069170951843,-38.09196472167969,4.76677131652832,-14.320911407470703,-36.68962478637695,10.007041931152344,2.4399290084838867,-43.073333740234375,9.82436752319336,1.5155693292617798,-42.690521240234375,5.538503646850586,6.153191566467285,-42.86608123779297,-2.131173610687256,-0.8693077564239502,-37.74360656738281,0.33102768659591675,-12.367142677307129,-35.13548278808594,0.11859112977981567,-12.096360206604004,-35.28938293457031,8.555102348327637,-2.4951391220092773,-41.29063034057617,3.699355363845825,7.141611099243164,-42.17363739013672,7.48565673828125,4.870085716247559,-42.871456146240234,4.902900218963623,6.434997081756592,-42.83512496948242,5.5606489181518555,-11.708603858947754,-37.61241149902344,6.099521636962891,-9.375752449035645,-38.4516487121582,-0.4021593928337097,3.4574484825134277,-39.92181396484375,-3.270596504211426,-10.642820358276367,-34.33788299560547,3.971165657043457,-15.431755065917969,-35.676780700683594,2.51517391204834,-14.140388488769531,-35.550498962402344,1.4927500486373901,7.056198596954346,-41.62701416015625,4.830263137817383,-15.531644821166992,-35.790122985839844,-5.563816070556641,-9.807263374328613,-34.1767578125,6.801178932189941,5.077573776245117,-42.589717864990234,-6.938298225402832,-8.676040649414062,-33.75074768066406,5.117001533508301,-13.596782684326172,-36.93712615966797,9.286744117736816,3.6027257442474365,-43.274898529052734,-3.816844940185547,-3.6739728450775146,-36.539363861083984,-0.17841452360153198,4.131112098693848,-40.328773498535156,0.4488563537597656,4.793854713439941,-40.48666000366211,7.122963905334473,-6.47402286529541,-39.653968811035156,-7.027187347412109,-8.33348560333252,-34.08163070678711,-1.1908035278320312,1.5749527215957642,-39.12532043457031,-6.504666328430176,-9.355210304260254,-34.07643127441406,8.275485038757324,-3.0260565280914307,-41.237369537353516,-4.9852190017700195,-10.032760620117188,-34.149879455566406,2.479260206222534,7.966001510620117,-42.199501037597656,1.1912611722946167,-13.044466972351074,-35.38036346435547,6.943600177764893,-7.084750175476074,-39.60429382324219,-0.3718923032283783,-12.013716697692871,-35.22376251220703,3.4989547729492188,-14.924333572387695,-35.598594665527344,0.5924612283706665,-12.548514366149902,-35.33119201660156,1.5939300060272217,8.042245864868164,-42.13545608520508,-1.7165274620056152,-11.400896072387695,-34.99239730834961,5.613964080810547,-10.973937034606934,-38.28653335571289,9.916172981262207,3.000845432281494,-43.378936767578125,-1.0228290557861328,-11.809922218322754,-35.14297103881836,8.109865188598633,-3.502267599105835,-40.994380950927734,-2.7997498512268066,-10.995136260986328,-34.916114807128906,0.7173810601234436,5.605005264282227,-40.91669845581055,2.99251389503479,7.795646667480469,-42.408912658691406,7.4977922439575195,-5.322808265686035,-40.154598236083984,7.713716983795166,-4.185225009918213,-40.57197952270508,2.223301887512207,-13.822059631347656,-35.61881637573242,7.898728370666504,4.781365871429443,-43.544891357421875,9.896966934204102,0.5849149227142334,-42.86357498168945,-6.306253910064697,-7.219014644622803,-34.83305358886719,4.685896396636963,-15.96221923828125,-35.9610710144043,5.416839599609375,-12.343259811401367,-37.70302200317383,5.284313201904297,-12.945034980773926,-37.30167770385742,-6.830236911773682,-8.914129257202148,-34.104835510253906,5.024821758270264,-15.27881145477295,-36.310428619384766,-3.4565019607543945,-3.046311140060425,-37.130126953125,-2.6621716022491455,-1.4739713668823242,-37.89209747314453,10.275797843933105,1.7853176593780518,-43.40140914916992,-1.9196908473968506,0.2526516914367676,-38.6434440612793,-5.831412315368652,-6.688508987426758,-35.14600372314453,-4.162288665771484,-10.559261322021484,-34.56281661987305,1.7972605228424072,8.46556282043457,-42.498748779296875,-6.192734718322754,-9.551777839660645,-34.28971481323242,-3.499837636947632,-10.79843807220459,-34.81800079345703,-2.306151866912842,-11.214107513427734,-35.066619873046875,-4.796391487121582,-5.329048156738281,-36.07126235961914,-2.078552722930908,-0.3903133273124695,-38.28090286254883,0.7089643478393555,-12.875431060791016,-35.61330795288086,0.28054189682006836,-12.524537086486816,-35.49186706542969,3.1458353996276855,-14.74474811553955,-36.116249084472656,1.5922877788543701,-13.58420467376709,-35.586978912353516,6.5157790184021,5.517038822174072,-43.52505874633789,-0.05649477243423462,4.710533142089844,-40.836910247802734,6.147100448608398,-8.965205192565918,-39.207611083984375,4.234447002410889,7.102594375610352,-43.26191329956055,8.822022438049316,4.156807899475098,-43.39811325073242,9.14062786102295,-1.8289635181427002,-42.51593017578125,1.2637550830841064,-13.420161247253418,-35.83232498168945,2.768214225769043,-14.644355773925781,-35.953433990478516,-4.413643836975098,-4.520581245422363,-36.508705139160156,-0.8385590314865112,-11.996903419494629,-35.504310607910156,-1.7550822496414185,0.9024296998977661,-39.08732986450195,2.085195541381836,-14.085498809814453,-35.99002456665039,1.7487788200378418,-13.78219985961914,-35.89400863647461,-6.930966854095459,-8.425679206848145,-34.35237503051758,4.7518110275268555,-15.000436782836914,-36.710426330566406,7.812384605407715,-4.279961585998535,-41.47636413574219,-0.24975556135177612,-12.297039031982422,-35.878543853759766,7.670039653778076,-4.997745990753174,-40.827789306640625,-1.0865263938903809,2.3829898834228516,-39.648651123046875,0.8829967379570007,6.676569938659668,-41.74030303955078,0.9317954182624817,-13.20865249633789,-36.019775390625,-4.834661483764648,-10.264846801757812,-34.7347412109375,5.771251678466797,-10.305360794067383,-38.64556121826172,-2.288937568664551,-0.36723437905311584,-38.499176025390625,-0.6368725299835205,3.878175735473633,-40.63785171508789,-2.1610236167907715,-11.388203620910645,-35.41956329345703,-2.6404178142547607,-1.1084413528442383,-38.30270004272461,6.042248725891113,5.891739845275879,-43.39512634277344,4.447327613830566,-15.10124397277832,-36.4246711730957,5.338954925537109,-11.539639472961426,-38.03514099121094,6.576972484588623,-7.883981704711914,-39.95540237426758,2.5345325469970703,-14.341825485229492,-36.09193801879883,0.06289821863174438,5.530756950378418,-41.36796188354492,3.8960437774658203,-15.135051727294922,-36.17720031738281,0.4240434765815735,6.241494178771973,-41.701961517333984,-1.594883680343628,-11.322478294372559,-35.22478485107422,-3.748178243637085,-3.278717041015625,-37.3104248046875,10.225154876708984,0.9741828441619873,-43.38413619995117,9.718153953552246,3.5590004920959473,-43.94294738769531,-5.297080039978027,-9.870757102966309,-35.03517150878906,9.912775993347168,-0.04495048522949219,-43.181541442871094,10.673583984375,2.780052423477173,-44.11369323730469,-5.4271240234375,-6.243390083312988,-35.95908737182617,-1.796406626701355,-11.597193717956543,-35.529022216796875,-1.1051995754241943,2.800684928894043,-40.20014953613281,3.140069007873535,8.0551118850708,-43.17085266113281,3.709416389465332,-15.147123336791992,-36.353702545166016,1.1132776737213135,8.027040481567383,-42.559364318847656,10.690671920776367,2.1707327365875244,-44.01832962036133,10.383928298950195,3.1543407440185547,-44.14671325683594,-5.68400239944458,-9.750486373901367,-34.78350830078125,-3.368328809738159,-2.389692783355713,-37.71784210205078,7.136051654815674,-6.509181976318359,-40.29164123535156,-6.647488594055176,-8.205840110778809,-34.83333969116211,-4.197093963623047,-4.072458267211914,-37.34050750732422,6.062572479248047,-9.450496673583984,-38.96357727050781,-1.198738694190979,-11.963188171386719,-35.71215057373047,7.489110946655273,-5.672159194946289,-40.82950973510742,-6.47504997253418,-9.12603759765625,-34.68517303466797,-3.014986038208008,-1.7242711782455444,-38.150611877441406,5.547186851501465,6.211395263671875,-43.68073272705078,-1.5074641704559326,1.6073002815246582,-39.67355728149414,3.4958629608154297,7.728172302246094,-43.75218200683594,8.617234230041504,-2.920496702194214,-42.307945251464844,0.21572905778884888,-12.55699634552002,-35.92999267578125,-6.099658012390137,-7.326786041259766,-35.44352722167969,0.6698129773139954,7.036996841430664,-42.21874237060547,4.695444107055664,-14.058850288391113,-37.477108001708984,2.7144041061401367,8.220621109008789,-43.11516189575195,-4.201205730438232,-10.675614356994629,-35.17793655395508,-3.182140588760376,-10.812561988830566,-35.515995025634766,-2.9002346992492676,-11.061269760131836,-35.68815612792969,1.1112653017044067,9.049775123596191,-43.093482971191406,6.350681304931641,-8.47029972076416,-39.70330047607422,7.881463050842285,4.859086513519287,-44.10175323486328,7.204404830932617,5.116916656494141,-44.29375076293945,8.277018547058105,4.448554039001465,-44.207088470458984,-0.3733896017074585,4.869670391082764,-41.348934173583984,8.802777290344238,4.350038528442383,-44.377498626708984,4.991644859313965,-13.107039451599121,-37.85862731933594,-4.701132297515869,-5.339410781860352,-37.070655822753906,-0.5607564449310303,4.320968151092529,-41.03416442871094,3.118520736694336,-14.755762100219727,-36.74492645263672,0.6200840473175049,-13.03451919555664,-36.308349609375,8.867521286010742,-2.4234580993652344,-42.432281494140625,9.634553909301758,-0.7861011028289795,-43.25809097290039,-2.4373157024383545,-0.4479384124279022,-38.89155960083008,2.121831178665161,8.352418899536133,-43.20222854614258,-0.5185831785202026,-12.375487327575684,-36.503334045410156,4.053627967834473,-14.956586837768555,-36.996910095214844,-4.95579719543457,-5.825366973876953,-36.61966323852539,-2.015449047088623,0.8004829287528992,-39.67831039428711,-6.11207389831543,-9.241511344909668,-35.12215042114258,-4.835546493530273,-10.052478790283203,-35.59629821777344,-0.029824435710906982,-12.442222595214844,-36.624046325683594,9.76056957244873,3.9198904037475586,-44.98918533325195,4.749359130859375,6.68826961517334,-43.895904541015625,-6.283133029937744,-8.591217994689941,-35.45075225830078,11.277941703796387,2.8725361824035645,-45.1439094543457,-1.1511352062225342,3.205828905105591,-40.98641586303711,-3.160649061203003,-1.8025354146957397,-38.64337158203125,1.972316026687622,-13.920647621154785,-36.888118743896484,8.175159454345703,-3.678065538406372,-42.247802734375,10.420546531677246,3.5622878074645996,-45.3931884765625,5.923672199249268,5.834151268005371,-44.408905029296875,-3.8332114219665527,-3.234992504119873,-38.12090301513672,4.310895919799805,-14.702398300170898,-37.398216247558594,-2.331973075866699,-11.400208473205566,-36.00579071044922,-1.1969642639160156,-11.94336986541748,-36.406959533691406,-4.3976216316223145,-4.89105749130249,-37.44656753540039,10.793461799621582,1.2153594493865967,-44.68342590332031,11.129472732543945,2.336094617843628,-44.80595397949219,0.23038733005523682,-12.74971866607666,-36.62290954589844,5.081852436065674,-11.65254020690918,-38.58860778808594,10.323370933532715,0.27649450302124023,-44.083431243896484,-2.7833974361419678,-0.9673619270324707,-39.01555252075195,-0.22160780429840088,5.544346332550049,-41.97347640991211,1.6314657926559448,8.635990142822266,-43.54819107055664,5.171594142913818,6.166182994842529,-44.21530532836914,-3.191476583480835,-10.728958129882812,-36.37318420410156,0.2311728596687317,6.560826301574707,-42.293792724609375,5.70208740234375,-9.994348526000977,-39.33944320678711,-4.10761022567749,-4.1361613273620605,-37.949310302734375,6.618041515350342,-7.512060165405273,-40.411705017089844,-2.450735569000244,-0.2277287244796753,-39.397708892822266,-0.9910010695457458,3.6673343181610107,-41.412078857421875,-5.553593635559082,-7.211782455444336,-36.4793701171875,5.418282985687256,-10.687113761901855,-39.08373260498047,6.549513816833496,5.596383094787598,-44.17408752441406,-3.9122557640075684,-10.604321479797363,-35.90190887451172,7.379945755004883,4.997097492218018,-44.8655891418457,-1.584932565689087,1.9346805810928345,-40.381553649902344,9.954922676086426,-0.38269639015197754,-43.764312744140625,0.5754742622375488,7.614727973937988,-42.85186767578125,4.087076187133789,7.245400428771973,-43.925960540771484,0.8134809732437134,-13.124285697937012,-37.05363464355469,4.447470188140869,-13.04625129699707,-38.41978454589844,4.732023239135742,-11.989253997802734,-38.92470932006836,-5.218399524688721,-6.314400672912598,-36.736351013183594,7.812736988067627,4.645456314086914,-44.66122055053711,0.9012676477432251,8.500589370727539,-43.24861526489258,1.3804453611373901,10.2188720703125,-43.46595764160156,1.0902633666992188,9.955643653869629,-43.522804260253906,1.007795810699463,9.25069522857666,-43.67330551147461,10.6893310546875,3.5195584297180176,-45.708961486816406,2.4427285194396973,8.70252799987793,-43.72123718261719,7.321774482727051,-5.552271366119385,-41.75459289550781,1.3953847885131836,9.256439208984375,-43.498619079589844,10.865975379943848,1.7522718906402588,-44.70998764038086,1.764218807220459,9.244624137878418,-43.98887634277344,1.6650570631027222,9.765362739562988,-43.903873443603516,-5.720975399017334,-9.036453247070312,-35.876224517822266,3.8309388160705566,-14.593505859375,-37.528587341308594,5.86906099319458,-9.093842506408691,-39.95242691040039,-5.683681964874268,-8.503799438476562,-36.26801681518555,-5.633959770202637,-7.8561506271362305,-36.46310043334961,6.77754545211792,-6.831986427307129,-40.888614654541016,4.61102294921875,6.666396617889404,-44.637184143066406,9.368925094604492,-1.4471898078918457,-43.54193878173828,8.896557807922363,4.3480963706970215,-44.99248504638672,2.776702642440796,-14.20022964477539,-37.45272445678711,2.770582914352417,8.143722534179688,-44.289371490478516,8.705873489379883,-2.6935696601867676,-43.30061340332031,-0.2889152765274048,5.693972587585449,-42.48381042480469,0.12272119522094727,6.842970848083496,-42.94530487060547,-1.7079087495803833,1.7487196922302246,-40.94151306152344,8.299967765808105,4.551733493804932,-44.86881637573242,-5.013744354248047,-6.555762767791748,-37.35570526123047,4.987297058105469,-10.812252044677734,-39.619293212890625,6.0630998611450195,-8.319808006286621,-40.51478576660156,7.6302313804626465,-4.508406162261963,-42.367713928222656,6.919649124145508,5.1960320472717285,-44.949764251708984,9.629542350769043,4.017040252685547,-45.492835998535156,6.9132866859436035,-6.442691802978516,-41.43320846557617,-4.5894999504089355,-9.574098587036133,-36.8793830871582,-2.75307559967041,-10.958508491516113,-36.93427276611328,-1.615487813949585,-11.64768123626709,-36.914878845214844,11.162704467773438,2.1384191513061523,-45.445465087890625,-2.411851167678833,0.011080622673034668,-40.156150817871094,-0.7302901744842529,4.511048316955566,-42.026737213134766,2.363372325897217,8.783607482910156,-44.10942840576172,1.250261664390564,9.430710792541504,-43.958351135253906,3.801875591278076,-13.637359619140625,-38.21664810180664,0.1318390965461731,7.1723456382751465,-43.314273834228516,4.0122809410095215,7.123477935791016,-44.57564926147461,-0.9488639831542969,-12.05044174194336,-37.296180725097656,11.573765754699707,2.838463068008423,-45.9444580078125,-3.260420322418213,-2.0690345764160156,-39.49018096923828,-3.805478811264038,-3.4339864253997803,-38.71885299682617,-2.751493215560913,-0.8587605357170105,-39.717689514160156,5.305405616760254,-10.25296401977539,-39.78215408325195,3.142260789871216,-13.852575302124023,-38.12666320800781,-0.15089958906173706,6.174018383026123,-43.022315979003906,0.37354958057403564,7.783146858215332,-43.47099304199219,3.5047173500061035,7.591604709625244,-44.44451141357422,-4.112370014190674,-9.942755699157715,-36.687461853027344,6.385524749755859,-7.26175594329834,-41.26231002807617,0.64745032787323,7.960256576538086,-43.74652099609375,8.91110610961914,4.178435802459717,-45.230186462402344,1.252868890762329,-13.153898239135742,-37.71971893310547,6.030400276184082,5.613346099853516,-45.05962371826172,10.338220596313477,0.15000343322753906,-44.818023681640625,-4.337625026702881,-5.496589660644531,-38.158382415771484,-5.292540073394775,-8.91598129272461,-36.517276763916016,-0.47899073362350464,-12.211581230163574,-37.383697509765625,5.552739143371582,-9.445496559143066,-40.181148529052734,9.363208770751953,-1.3285760879516602,-44.25017547607422,11.294764518737793,1.7589752674102783,-45.83384704589844,4.618780612945557,-11.329917907714844,-39.462059020996094,8.326080322265625,-3.2517073154449463,-43.089847564697266,-4.915637016296387,-9.311260223388672,-36.560707092285156,-2.152923107147217,0.40218865871429443,-40.882347106933594,-1.2582710981369019,2.9843785762786865,-41.840721130371094,1.1449811458587646,8.920907020568848,-44.14674377441406,8.135385513305664,4.542138576507568,-45.3760871887207,8.68514347076416,4.324375152587891,-45.490413665771484,1.7070543766021729,-13.081635475158691,-38.21754455566406,6.430397987365723,-6.766891956329346,-41.70979309082031,-0.08012360334396362,-12.425987243652344,-37.66175842285156,7.947489261627197,-3.817922592163086,-43.175621032714844,1.4233174324035645,8.694726943969727,-44.40178680419922,-0.023489058017730713,6.4784440994262695,-43.38685607910156,2.1316592693328857,8.263752937316895,-44.53770065307617,4.914044380187988,6.1274847984313965,-44.83585739135742,11.201543807983398,2.987712860107422,-46.34154510498047,-0.47826582193374634,5.069674491882324,-43.01993179321289,-0.6760768294334412,4.585711479187012,-42.61637878417969,4.359747886657715,-11.971019744873047,-39.301326751708984,9.820512771606445,3.7665367126464844,-46.141117095947266,3.807924509048462,-12.695542335510254,-39.0059700012207,5.4486212730407715,-8.723569869995117,-40.85668182373047,-5.076111793518066,-8.213348388671875,-37.14467239379883,2.4723620414733887,-13.187222480773926,-38.57963180541992,-3.4163169860839844,-10.121414184570312,-37.4465446472168,10.93069076538086,1.164123773574829,-45.531089782714844,9.588834762573242,-0.8435735702514648,-44.87385940551758,6.68763542175293,5.100605010986328,-45.3737678527832,8.143887519836426,4.399392127990723,-45.836334228515625,0.8725669384002686,8.662870407104492,-44.34159851074219,9.136656761169434,4.066476821899414,-45.88140869140625,3.2276973724365234,7.355840682983398,-44.788536071777344,5.97901725769043,-7.523702621459961,-41.425628662109375,7.139091491699219,-5.030948162078857,-42.800540924072266,-3.9970755577087402,-4.691061019897461,-38.805843353271484,11.040910720825195,3.3502774238586426,-46.4088020324707,-1.536206603050232,1.9627039432525635,-41.877174377441406,-1.9292502403259277,0.8899792432785034,-41.31684494018555,0.8379212617874146,8.273336410522461,-44.0924072265625,8.75770378112793,-2.0146450996398926,-44.24873733520508,8.735555648803711,4.277937889099121,-45.9710807800293,10.686720848083496,0.808788537979126,-45.706790924072266,11.602636337280273,2.8216569423675537,-46.46327209472656,-4.775027751922607,-8.87053394317627,-37.23931884765625,-1.6525155305862427,-11.274640083312988,-37.87125015258789,4.495294570922852,-10.646461486816406,-40.165889739990234,3.9346373081207275,6.471229553222656,-45.23590087890625,5.052432537078857,-9.6845064163208,-40.53605270385742,11.603774070739746,2.397521495819092,-46.60879135131836,8.254447937011719,-2.894312858581543,-43.863075256347656,-4.781099796295166,-7.546823024749756,-37.69925308227539,-2.6247048377990723,-0.9444847106933594,-40.698951721191406,6.634085655212402,-6.258205890655518,-42.093135833740234,0.6351191997528076,7.502867698669434,-44.33735275268555,7.35735559463501,4.601737976074219,-45.496307373046875,4.52400016784668,6.073178768157959,-45.22408676147461,10.23588752746582,3.7057011127471924,-46.55767059326172,-3.174222946166992,-2.1383204460144043,-40.04888916015625,9.577434539794922,-0.6529934406280518,-45.28550720214844,5.309635639190674,5.420177459716797,-45.45195388793945,7.50717830657959,-4.312948226928711,-43.15633010864258,-0.9056932330131531,3.5954091548919678,-42.87018585205078,-4.418429851531982,-6.5003743171691895,-38.200626373291016,5.516427516937256,-7.898281097412109,-41.628517150878906,7.9827799797058105,-3.3251452445983887,-43.74631881713867,5.013448715209961,-8.400760650634766,-41.48392868041992,10.062018394470215,-0.12389922142028809,-45.309661865234375,2.7446014881134033,7.396467685699463,-45.022396087646484,-3.6228787899017334,-3.7097043991088867,-39.403045654296875,0.24298757314682007,-11.866979598999023,-38.795989990234375,-3.859009265899658,-6.038244247436523,-39.1696662902832,11.162487983703613,1.6139357089996338,-46.27808380126953,2.1709671020507812,7.669431686401367,-44.958526611328125,-3.806997776031494,-9.040740966796875,-38.06963348388672,8.998774528503418,-1.3598082065582275,-44.99165344238281,6.902480602264404,4.381582260131836,-45.7552490234375,6.63614559173584,-5.754601001739502,-42.6549186706543,-4.574744701385498,-8.159913063049316,-37.88904571533203,9.681585311889648,3.8193516731262207,-46.38995361328125,1.6739286184310913,7.473095893859863,-44.94696807861328,-0.621471107006073,-11.55024528503418,-38.57088088989258,1.093105435371399,7.990039825439453,-44.814395904541016,11.33576774597168,3.2876601219177246,-46.97947311401367,11.861989974975586,2.7856035232543945,-46.98454284667969,2.799820899963379,-12.467138290405273,-39.301937103271484,-4.2540740966796875,-8.658334732055664,-38.07851791381836,3.692126750946045,-11.229728698730469,-40.03951644897461,3.375509738922119,6.675168991088867,-45.333255767822266,8.695219039916992,-1.6792182922363281,-45.00197982788086,6.543379306793213,4.903420925140381,-45.61211395263672,-0.11948758363723755,5.594365119934082,-43.75345230102539,2.924839973449707,-11.829825401306152,-39.814369201660156,5.804428577423096,-7.253726959228516,-41.964210510253906,-1.274350643157959,2.2535829544067383,-42.55758285522461,-3.05674409866333,-9.973230361938477,-38.06234359741211,6.037544250488281,-6.395899772644043,-42.58066177368164,-2.1812386512756348,-0.4072037935256958,-41.61171340942383,7.542413711547852,4.306156635284424,-46.19551086425781,9.150981903076172,3.8791143894195557,-46.37143325805664,-4.169113636016846,-7.043807506561279,-38.49077606201172,-3.1820755004882812,-2.9332125186920166,-40.30075454711914,12.124505996704102,2.991262435913086,-47.01822280883789,8.346166610717773,3.965637683868408,-46.42814254760742,10.190284729003906,0.3838341236114502,-45.92757797241211,6.048604965209961,4.933477878570557,-45.87858963012695,1.8491017818450928,-12.315742492675781,-39.2010383605957,-1.7139575481414795,-10.744309425354004,-38.518760681152344,4.4445695877075195,-9.550695419311523,-40.98684310913086,0.42732787132263184,6.384446144104004,-44.564239501953125,-3.5084080696105957,-5.072248458862305,-39.76420593261719,1.3955813646316528,-11.791516304016113,-39.54355239868164,7.526353359222412,-3.4909825325012207,-44.198177337646484,8.217183113098145,-2.2095909118652344,-44.78012466430664,10.957680702209473,1.670485019683838,-46.56191635131836,10.518905639648438,3.3674533367156982,-46.959800720214844,-4.2674360275268555,-7.442297458648682,-38.59104537963867,-2.680868148803711,-1.7745310068130493,-41.043270111083984,4.582720756530762,5.724032402038574,-45.50484085083008,-1.0198659896850586,2.7037808895111084,-43.06070327758789,6.498318672180176,4.325496673583984,-46.072566986083984,2.5629525184631348,6.93056583404541,-45.29026412963867,-1.6910203695297241,0.8902552127838135,-42.060855865478516,-3.623683452606201,-8.48486614227295,-38.60517501831055,10.389947891235352,0.9241447448730469,-46.36785125732422,11.491983413696289,2.8197133541107178,-47.2401008605957,3.144139289855957,-11.081533432006836,-40.2841911315918,9.60791015625,-0.16608405113220215,-45.82304382324219,5.0299391746521,4.995425701141357,-45.87148666381836,7.1624436378479,-4.075789451599121,-43.9233283996582,9.830755233764648,3.486781358718872,-46.91217041015625,11.710926055908203,3.138881206512451,-47.3500862121582,1.0608943700790405,7.056486129760742,-45.09935760498047,6.65437126159668,-4.8884077072143555,-43.58848571777344,7.77731466293335,-2.7197651863098145,-44.53593826293945,7.728856563568115,4.015974521636963,-46.384944915771484,12.281106948852539,2.80163311958313,-47.580108642578125,-2.6210198402404785,-9.410942077636719,-38.92906188964844,6.103594779968262,-5.706899642944336,-43.244991302490234,10.634180068969727,2.678596019744873,-47.200164794921875,-0.22509145736694336,4.1704230308532715,-44.168766021728516,4.586222171783447,5.449090003967285,-45.86384582519531,10.918234825134277,2.2937421798706055,-47.01131820678711,2.717271566390991,6.326928615570068,-45.652435302734375,0.8673665523529053,6.785006999969482,-45.0030517578125,3.912015199661255,5.751035690307617,-45.77152633666992,12.015182495117188,3.0278306007385254,-47.754154205322266,6.881532192230225,4.211767673492432,-46.31087875366211,10.334056854248047,2.994727373123169,-47.235511779785156,11.058938026428223,2.919914722442627,-47.33992385864258,-3.7833454608917236,-6.0399675369262695,-39.583011627197266,0.18763291835784912,5.150148868560791,-44.590145111083984,-3.4545106887817383,-7.665671348571777,-39.06554412841797,9.262033462524414,3.2597262859344482,-47.062294006347656,1.849071979522705,6.417786121368408,-45.38900375366211,-1.2182254791259766,-10.504724502563477,-39.15857696533203,-3.792175054550171,-7.0355544090271,-39.22734832763672,2.898257255554199,-10.390318870544434,-40.79882049560547,3.679476737976074,-9.379992485046387,-41.383209228515625,4.310554504394531,-8.73382568359375,-41.634193420410156,0.22894597053527832,-11.166519165039062,-39.5147705078125,8.95252799987793,-0.8643782138824463,-45.61042785644531,5.72186803817749,4.172755241394043,-46.37129211425781,2.286691665649414,-11.105010986328125,-40.32221221923828,9.837807655334473,0.7157785892486572,-46.66664123535156,10.091461181640625,1.5488510131835938,-47.03596878051758,-2.884434223175049,-3.6482367515563965,-40.72667694091797,4.934295177459717,-7.154355525970459,-42.63637161254883,-0.4326326251029968,3.3095052242279053,-43.97489929199219,8.54273796081543,3.5897881984710693,-46.78804397583008,7.171717643737793,3.9318933486938477,-46.537540435791016,-3.0211281776428223,-8.481435775756836,-39.15656280517578,-1.5011175870895386,0.4636862874031067,-42.4920539855957,10.770393371582031,2.5066308975219727,-47.501487731933594,-3.1342413425445557,-4.259463787078857,-40.685001373291016,-2.1776411533355713,-1.677788257598877,-42.01568603515625,-2.2767882347106934,-8.882903099060059,-39.57770538330078,7.951384544372559,3.5662126541137695,-46.77316665649414,1.4496403932571411,6.10215950012207,-45.23773956298828,-3.5175726413726807,-6.427239418029785,-39.83885192871094,4.216147422790527,-8.166177749633789,-42.07170104980469,-0.9100002646446228,1.0769227743148804,-43.5325813293457,0.6133519411087036,5.735583305358887,-45.085567474365234,9.082149505615234,0.16489648818969727,-46.591026306152344,2.965635061264038,5.493088245391846,-45.85487365722656,0.6122560501098633,-10.703561782836914,-40.155433654785156,-1.5220417976379395,-9.61190128326416,-39.64086151123047,8.103845596313477,-1.4199144840240479,-45.719627380371094,8.566807746887207,-1.0891826152801514,-45.71781539916992,6.263779640197754,3.944019079208374,-46.593666076660156,-3.024136781692505,-6.8018107414245605,-39.97165298461914,-2.5771307945251465,-7.405824184417725,-40.15382766723633,4.267899036407471,4.893796920776367,-46.17341232299805,7.69690465927124,-2.2179250717163086,-45.261470794677734,-2.5698039531707764,-8.053160667419434,-39.81385803222656,-0.8116369247436523,-9.950944900512695,-39.916561126708984,-3.1501760482788086,-5.1874871253967285,-40.50754928588867,0.9795385599136353,5.493866443634033,-45.264137268066406,6.524108409881592,-4.285218238830566,-44.255714416503906,6.694985389709473,-3.6416995525360107,-44.64068603515625,-0.5780893564224243,2.0178635120391846,-44.01871871948242,4.961422920227051,4.033235549926758,-46.387821197509766,-1.2149657011032104,0.083016037940979,-42.9077033996582,2.0245957374572754,5.192804336547852,-45.62234115600586,9.518613815307617,2.8564789295196533,-47.40420150756836,1.528635025024414,-10.222943305969238,-40.76091766357422,4.8460869789123535,-6.286235332489014,-43.2994270324707,6.825185775756836,-2.90024995803833,-44.964508056640625,8.627684593200684,-0.35162925720214844,-46.37977600097656,2.612700939178467,-9.465246200561523,-41.424461364746094,-2.8180856704711914,-3.237086296081543,-41.32236862182617,0.25135356187820435,3.923285961151123,-44.92115020751953,8.981070518493652,2.746580123901367,-47.453102111816406,9.627371788024902,2.400416135787964,-47.293846130371094,10.02806568145752,2.126910448074341,-47.49869918823242,-1.0929242372512817,-8.811481475830078,-40.487789154052734,6.998883247375488,3.4947075843811035,-46.85297775268555,-2.5460195541381836,-6.561625003814697,-40.54310989379883,-0.0035964250564575195,-9.746014595031738,-40.51852035522461,-2.6412668228149414,-4.884283065795898,-40.912208557128906,-1.860861897468567,-8.240588188171387,-40.252384185791016,8.134942054748535,2.989988327026367,-47.175899505615234,5.701340198516846,-4.9625773429870605,-44.13597106933594,3.3703114986419678,-8.347463607788086,-42.137657165527344,3.6483044624328613,-7.546497344970703,-42.58273696899414,9.529041290283203,1.129469394683838,-47.142391204833984,9.987048149108887,1.5623142719268799,-47.36090087890625,2.1882712841033936,-9.448653221130371,-41.40662384033203,-2.156886339187622,-1.6395946741104126,-42.38322067260742,1.0391355752944946,4.592791557312012,-45.632110595703125,-2.2548062801361084,-3.013888359069824,-41.97258758544922,0.5428934097290039,4.364281177520752,-45.30524444580078,3.237898826599121,4.829520225524902,-46.10931396484375,2.615694999694824,4.670105457305908,-45.9954833984375,7.561979293823242,2.6466619968414307,-47.273681640625,3.9870097637176514,4.1942830085754395,-46.38939666748047,-2.2204458713531494,-4.210173606872559,-41.37095260620117,3.770764112472534,-6.567111015319824,-43.258792877197266,-1.466559886932373,-7.7972564697265625,-40.773406982421875,1.1913586854934692,-9.17709732055664,-41.32866287231445,-2.1016952991485596,-5.7343268394470215,-41.18181610107422,-1.900612711906433,-4.6146063804626465,-41.65498352050781,6.3430681228637695,-2.506744384765625,-45.49961853027344,-1.9182275533676147,-6.836375713348389,-40.92626190185547,8.030923843383789,0.0498805046081543,-46.871253967285156,9.021280288696289,2.041776180267334,-47.32917022705078,-1.430140733718872,-0.08743816614151001,-43.09614944458008,5.216508388519287,3.474558115005493,-46.76010513305664,1.5933290719985962,4.25169038772583,-45.74676513671875,7.187450408935547,-1.6843349933624268,-45.865333557128906,8.723445892333984,0.7489004135131836,-47.231990814208984,-0.175834059715271,-8.776917457580566,-41.032806396484375,1.894606590270996,-8.571675300598145,-41.87923812866211,9.393136024475098,1.4967889785766602,-47.53007507324219,6.11517333984375,-3.0678443908691406,-45.11328125,0.5863738059997559,-8.645709037780762,-41.44975662231445,-0.7558664083480835,1.6003447771072388,-44.11198806762695,-1.3929369449615479,-6.189157009124756,-41.574607849121094,-0.7281001806259155,-8.10090160369873,-41.108299255371094,6.446935176849365,2.577216625213623,-47.14980697631836,2.2709171772003174,-7.430253028869629,-42.586483001708984,7.4241743087768555,-0.9885221719741821,-46.297401428222656,5.8042497634887695,2.805217981338501,-47.010841369628906,-1.4080984592437744,-0.9128551483154297,-43.085426330566406,-0.9825772047042847,0.2610292434692383,-43.613853454589844,-0.11268341541290283,3.0827183723449707,-44.77924346923828,2.1100220680236816,3.8379433155059814,-46.00164031982422,-1.851609468460083,-2.1926097869873047,-42.6169319152832,3.7085864543914795,3.6436500549316406,-46.47031021118164,-1.2400909662246704,-5.47560453414917,-41.92176818847656,4.570357322692871,-5.500374794006348,-43.99136734008789,-1.0062501430511475,-7.3167548179626465,-41.36302185058594,2.8985238075256348,-6.784183025360107,-43.0483283996582,5.224388122558594,-4.171598434448242,-44.74887466430664,-1.3964961767196655,-4.634500503540039,-42.105289459228516,7.904789924621582,1.9806084632873535,-47.47004318237305,4.080479621887207,3.156329870223999,-46.50276184082031,0.46326276659965515,-7.912350177764893,-41.814300537109375,1.1470812559127808,-7.817933082580566,-42.08475112915039,-1.3097374439239502,-3.8380794525146484,-42.43275833129883,8.131538391113281,1.5411639213562012,-47.305015563964844,-1.214287281036377,-1.7472065687179565,-43.055423736572266,-0.6162484288215637,-0.29387325048446655,-43.581939697265625,-0.1624871790409088,-7.606326103210449,-41.684879302978516,-0.30130553245544434,-1.3096060752868652,-43.81911849975586,-0.36404889822006226,1.4748390913009644,-44.53190994262695,-1.2486236095428467,-2.8455874919891357,-42.80490493774414,8.203288078308105,0.8541743755340576,-47.31966018676758,-0.630352258682251,-6.569606781005859,-41.94789505004883,0.6361463069915771,3.4862308502197266,-45.41883087158203,5.071850299835205,2.6772308349609375,-46.941162109375,-0.9239819049835205,-3.955061912536621,-42.69700241088867,-0.10533851385116577,-0.2792925238609314,-44.19035339355469,2.5234105587005615,3.288900852203369,-46.160709381103516,1.2939192056655884,-6.938305854797363,-42.61085891723633,0.020169056951999664,-6.5895586013793945,-42.24321365356445,-0.6340707540512085,-5.467883586883545,-42.32318878173828,7.37262487411499,0.004594087600708008,-46.9356575012207,7.005308628082275,2.0552866458892822,-47.338623046875,0.4951627850532532,2.472102642059326,-45.06035232543945,0.07665908336639404,0.7782278060913086,-44.621986389160156,0.5474276542663574,-6.9851508140563965,-42.292259216308594,3.93778657913208,-5.27175235748291,-44.1423225402832,5.1719865798950195,-2.9639368057250977,-45.35974884033203,-0.18405932188034058,-4.704542636871338,-42.87981033325195,1.549630880355835,-5.978228569030762,-43.18741989135742,2.6595568656921387,-6.039251804351807,-43.44889831542969,1.3829905986785889,3.1558151245117188,-45.73622512817383,6.607231616973877,-1.492846965789795,-46.129173278808594,4.167572975158691,2.5208678245544434,-46.685935974121094,-0.4346400499343872,-2.475071430206299,-43.50523376464844,3.1993887424468994,2.9687142372131348,-46.39944839477539,0.8120794892311096,-6.151432991027832,-42.81452178955078,0.04655839502811432,-5.1845598220825195,-42.86853790283203,7.169410228729248,0.8027780055999756,-47.1671028137207,0.10430485010147095,1.2937198877334595,-44.71290588378906,7.074923515319824,1.5375478267669678,-47.340213775634766,0.35400843620300293,-0.8986287713050842,-44.421104431152344,-0.249508798122406,-3.6630702018737793,-43.248504638671875,0.2316591888666153,-5.813347339630127,-42.68681335449219,0.8374173045158386,2.006152629852295,-45.31016159057617,6.388889789581299,-0.6604650020599365,-46.579837799072266,0.3946076035499573,0.08530360460281372,-44.721343994140625,5.661691665649414,-2.0287084579467773,-45.89103317260742,4.847203731536865,2.223881483078003,-46.886024475097656,5.7602152824401855,1.9500763416290283,-47.106990814208984,2.9962880611419678,-5.253029823303223,-44.00578689575195,4.297407150268555,-3.075612783432007,-45.29418182373047,0.582248330116272,-4.102143287658691,-43.5596923828125,2.451169013977051,2.225829601287842,-46.207923889160156,2.1154942512512207,-5.255527496337891,-43.726661682128906,1.8640189170837402,1.6882808208465576,-45.9005126953125,3.672128438949585,-4.773456573486328,-44.40347671508789,3.952554702758789,-4.00333309173584,-44.82582473754883,5.512695789337158,-1.4164576530456543,-46.21971130371094,6.422787189483643,1.3199269771575928,-47.23981475830078,0.33321261405944824,-3.412853956222534,-43.67448806762695,1.0563950538635254,-4.979797840118408,-43.442691802978516,1.1810390949249268,1.4847817420959473,-45.49742126464844,3.2896077632904053,2.034165620803833,-46.4791259765625,6.373839855194092,0.32890546321868896,-46.9991455078125,0.3264373242855072,-2.3050715923309326,-44.041259765625,1.0396063327789307,0.5535836219787598,-45.26405715942383,0.8878802061080933,-1.7218633890151978,-44.54138946533203,1.7226436138153076,-4.401932239532471,-43.992088317871094,2.5907444953918457,-4.589416980743408,-44.23754119873047,4.408287048339844,1.4603450298309326,-46.79869842529297,5.188706398010254,1.276877760887146,-46.984527587890625,0.8928509950637817,-3.467087984085083,-43.97150421142578,5.514111518859863,-0.4640486240386963,-46.599300384521484,4.589141845703125,-2.1628470420837402,-45.7967643737793,3.150404453277588,-3.601541519165039,-44.83449172973633,5.5991597175598145,0.5610103607177734,-46.97087860107422,1.2435787916183472,-0.37551677227020264,-45.16658020019531,1.6344561576843262,0.032965287566185,-45.510894775390625,3.2557456493377686,1.4525046348571777,-46.46027755737305,1.8821049928665161,0.6286066174507141,-45.77028274536133,1.5430837869644165,-2.729360342025757,-44.53938674926758,2.2471842765808105,-3.5280520915985107,-44.535621643066406,4.2942094802856445,-0.8109031915664673,-46.259464263916016,1.3475650548934937,-1.367692232131958,-44.92993927001953,2.302785873413086,-2.4623782634735107,-44.987892150878906,3.6487836837768555,-2.3753507137298584,-45.52009582519531,4.5155487060546875,0.15462040901184082,-46.62049865722656,3.584305763244629,-1.5969297885894775,-45.801368713378906,2.6524646282196045,0.6495966911315918,-46.139827728271484,2.9478933811187744,-2.271421432495117,-45.32545471191406,2.052161693572998,-1.2898744344711304,-45.3442497253418,3.4719581604003906,0.3772658109664917,-46.38444519042969,2.6709485054016113,-0.4166995584964752,-45.892234802246094
