1490011070.7204158_8150.png,-9.234786033630371,-1.754815936088562,-42.8648567199707,-10.500883102416992,-2.2892746925354004,-42.64857864379883,-9.697480201721191,-1.6959608793258667,-41.32450866699219,-9.794356346130371,-2.20981764793396,-43.53473663330078,-10.821462631225586,-2.2959885597229004,-41.68561935424805,-11.736628532409668,-2.72939395904541,-41.48339080810547,-11.663946151733398,-2.902371883392334,-42.635887145996094,-12.405372619628906,-3.1915318965911865,-41.84652328491211,-11.126614570617676,-2.3804945945739746,-41.03305435180664,-8.731383323669434,-1.394057273864746,-42.0339241027832,-11.10395336151123,-2.8286430835723877,-43.45513916015625,-8.21734619140625,-1.1631909608840942,-41.19537353515625,-12.34829044342041,-3.109185218811035,-41.28913116455078,-10.148401260375977,-1.960877776145935,-39.994503021240234,-8.223892211914062,-1.3639204502105713,-42.79800033569336,-10.822754859924316,-3.0550949573516846,-44.35942840576172,-12.446988105773926,-3.483140468597412,-43.00398635864258,-9.081573486328125,-1.4945290088653564,-40.2592658996582,-11.794013977050781,-2.7552590370178223,-39.940635681152344,-11.419273376464844,-2.5372517108917236,-40.31387710571289,-10.93168830871582,-2.318795680999756,-39.810935974121094,-8.286757469177246,-1.830796241760254,-44.14784622192383,-12.244287490844727,-3.592072010040283,-43.76823806762695,-12.522811889648438,-3.191937208175659,-40.05031967163086,-7.252969741821289,-1.2002030611038208,-43.30766296386719,-9.836048126220703,-2.8528895378112793,-44.93268966674805,-7.450202941894531,-0.9905439615249634,-42.013790130615234,-13.311342239379883,-3.9007174968719482,-41.740352630615234,-13.346641540527344,-3.8484046459198,-41.247989654541016,-13.293457984924316,-3.750417709350586,-40.57579803466797,-7.592485427856445,-0.9731338024139404,-40.65755844116211,-13.180336952209473,-4.0479736328125,-42.9713134765625,-8.223675727844238,-2.235002279281616,-45.02071762084961,-12.00584888458252,-3.7573914527893066,-44.54783630371094,-9.527798652648926,-1.808784008026123,-39.4128303527832,-8.282753944396973,-1.279319405555725,-39.7863883972168,-13.532007217407227,-4.238859176635742,-42.238624572753906,-12.346126556396484,-3.1530497074127197,-39.445091247558594,-6.14713191986084,-0.622675895690918,-42.36979675292969,-11.311678886413574,-2.598667621612549,-39.12422561645508,-10.913032531738281,-2.505253553390503,-38.65215301513672,-10.528816223144531,-3.4041740894317627,-45.26139450073242,-13.620149612426758,-4.561878204345703,-43.46529006958008,-12.975700378417969,-4.295052528381348,-44.293766021728516,-6.026725769042969,-0.5191605091094971,-41.28289794921875,-11.998549461364746,-2.9876391887664795,-39.04804992675781,-13.792469024658203,-4.493862628936768,-42.63628005981445,-13.632401466369629,-4.2187180519104,-41.135047912597656,-6.244619846343994,-1.1170172691345215,-44.29133605957031,-5.667344093322754,-0.6295830011367798,-43.395538330078125,-12.97983169555664,-3.5874409675598145,-39.798828125,-8.534123420715332,-2.6150383949279785,-45.34295654296875,-7.17019510269165,-1.0437005758285522,-39.462684631347656,-11.268430709838867,-3.793043375015259,-45.307891845703125,-12.330245018005371,-4.23073148727417,-44.98876953125,-5.089197158813477,-0.2570475935935974,-42.54664611816406,-9.803118705749512,-2.0805535316467285,-38.697731018066406,-7.062514305114746,-1.8400284051895142,-45.121864318847656,-6.797417163848877,-0.8072761297225952,-40.3226318359375,-13.8204345703125,-4.344038009643555,-41.71178436279297,-8.422771453857422,-1.537010669708252,-38.87617874145508,-13.711446762084961,-4.211612224578857,-39.623252868652344,-13.020453453063965,-3.5822813510894775,-39.365238189697266,-4.797082901000977,-0.09757722914218903,-41.507110595703125,-13.862480163574219,-4.9743452072143555,-44.198020935058594,-12.909265518188477,-4.661914348602295,-45.21527862548828,-13.846962928771973,-4.3583502769470215,-40.90900802612305,-5.3499860763549805,-0.3748546242713928,-40.41362380981445,-5.907629489898682,-1.5429871082305908,-45.57326126098633,-4.9720258712768555,-0.6827633380889893,-44.524497985839844,-3.98899507522583,0.006678663194179535,-43.30524444580078,-3.9169135093688965,0.16262631118297577,-42.14863204956055,-12.499229431152344,-3.3650174140930176,-38.528568267822266,-11.818697929382324,-3.0930850505828857,-38.22108840942383,-8.859294891357422,-1.8200660943984985,-38.4174690246582,-14.190610885620117,-5.340951442718506,-44.69171142578125,-13.409106254577637,-3.955742359161377,-39.305152893066406,-3.471102476119995,-0.02989734709262848,-44.196537017822266,-14.271781921386719,-5.133186340332031,-43.129539489746094,-6.038203239440918,-0.7392871379852295,-39.638858795166016,-14.216191291809082,-4.954302787780762,-42.0485725402832,-14.31588363647461,-5.025020599365234,-41.54972839355469,-11.711968421936035,-4.407198905944824,-45.80659103393555,-14.314445495605469,-5.063485622406006,-40.84713363647461,-12.471904754638672,-3.4726405143737793,-37.72984313964844,-13.24581241607666,-3.827925443649292,-38.18568420410156,-4.253716468811035,-0.6964104175567627,-45.2536735534668,-9.12170696258545,-3.0470211505889893,-45.66482162475586,-13.049562454223633,-5.09822416305542,-45.66910934448242,-2.406050682067871,0.5574339628219604,-42.253177642822266,-7.177794456481934,-1.4063279628753662,-38.39360046386719,-11.631895065307617,-3.1780402660369873,-37.51858139038086,-10.58234977722168,-2.572058916091919,-37.979957580566406,-13.581620216369629,-4.16026496887207,-38.56665802001953,-7.545774936676025,-2.528775691986084,-45.927040100097656,-13.952853202819824,-4.463615417480469,-39.83897399902344,-3.720787525177002,0.17743875086307526,-40.852195739746094,-2.393190622329712,0.28509414196014404,-44.24666976928711,-6.703810214996338,-2.5713517665863037,-46.341922760009766,-4.900196075439453,-1.4243890047073364,-46.104469299316406,-9.915395736694336,-3.9130947589874268,-46.17599105834961,-2.359412670135498,0.5239619016647339,-43.0890007019043,-14.323705673217773,-5.668979644775391,-45.23812484741211,-11.957562446594238,-5.063117027282715,-46.2700080871582,-14.670933723449707,-5.800747871398926,-44.030723571777344,-12.98385238647461,-3.7493462562561035,-37.68079376220703,-3.073151111602783,-0.25217077136039734,-45.19023132324219,-2.5951685905456543,0.4795551002025604,-41.4675407409668,-10.869111061096191,-4.50819206237793,-46.27922439575195,-14.406501770019531,-5.768411159515381,-44.59977722167969,-14.627992630004883,-5.7438812255859375,-42.95417785644531,-9.182618141174316,-2.3411812782287598,-37.54303741455078,-4.668398857116699,-0.2752712070941925,-39.871498107910156,-13.705181121826172,-5.669336318969727,-45.826019287109375,-14.586031913757324,-5.697236061096191,-42.041481018066406,-5.966674327850342,-1.0177392959594727,-38.89338684082031,-7.813864231109619,-1.7671462297439575,-38.01420211791992,-1.1158065795898438,0.8589854836463928,-42.75551223754883,-8.693717956542969,-3.4387452602386475,-46.24696731567383,-0.9894126653671265,0.6660990118980408,-44.27710723876953,-13.974095344543457,-4.583432197570801,-38.729732513427734,-13.39284896850586,-4.087154388427734,-37.84018325805664,-13.418241500854492,-4.176054000854492,-37.28310775756836,-5.714195728302002,-2.2344751358032227,-46.574302673339844,-14.544061660766602,-5.676638126373291,-41.01454544067383,-14.13619327545166,-5.015092849731445,-39.094058990478516,-11.098546981811523,-3.1642026901245117,-37.05120849609375,-9.949261665344238,-2.6955149173736572,-37.31105041503906,-3.92437744140625,-1.1943132877349854,-46.320377349853516,-1.4389605522155762,0.12782526016235352,-45.4496955871582,-8.944178581237793,-3.875352621078491,-46.50944900512695,-7.895544528961182,-3.561196804046631,-46.59328079223633,-14.29153823852539,-5.289794445037842,-39.91557312011719,-13.907869338989258,-4.558358192443848,-37.73187255859375,-12.54499340057373,-3.8156280517578125,-36.69192886352539,-2.5203661918640137,0.38040968775749207,-40.437889099121094,-3.3777847290039062,0.1438504308462143,-40.196048736572266,-14.657316207885742,-6.206828594207764,-44.96352005004883,-4.958998680114746,-0.6755071878433228,-39.12434005737305,-2.6952083110809326,-0.5354541540145874,-45.98849868774414,-0.12957531213760376,0.9485792517662048,-43.90349578857422,-14.518254280090332,-6.105024337768555,-45.574928283691406,-14.856290817260742,-6.238697528839111,-43.756141662597656,-4.070837497711182,-0.41360870003700256,-39.107818603515625,-8.431818962097168,-2.2103090286254883,-37.4696159362793,-7.522004127502441,-2.9911837577819824,-46.37685775756836,-12.390802383422852,-5.804381847381592,-46.67068099975586,-13.287470817565918,-4.175621032714844,-36.68521499633789,-1.3029088973999023,0.7821061015129089,-41.482601165771484,-14.299756050109863,-5.30806303024292,-38.41454315185547,-13.772130012512207,-4.5139265060424805,-36.79487991333008,-11.865893363952637,-3.6308703422546387,-36.61814498901367,-14.463560104370117,-6.5221991539001465,-46.27558517456055,-1.658099889755249,-0.4251900315284729,-46.3309440612793,-0.27582401037216187,0.5484117865562439,-45.21464538574219,-9.485343933105469,-4.193186283111572,-46.554779052734375,-6.120998859405518,-1.347721815109253,-38.15233612060547,-2.9986536502838135,-0.10461679100990295,-39.234004974365234,-14.754691123962402,-6.147920608520508,-42.595333099365234,-4.54475212097168,-1.8972660303115845,-46.8349494934082,-9.55413818359375,-2.9878597259521484,-36.74909210205078,-14.479734420776367,-6.009490013122559,-40.05170440673828,-9.202558517456055,-2.6605639457702637,-37.113407135009766,-13.449724197387695,-6.171414852142334,-46.52149200439453,-9.811821937561035,-4.610428810119629,-46.698482513427734,-2.9655022621154785,-1.5051325559616089,-47.15153884887695,-14.956499099731445,-6.572376251220703,-44.166297912597656,-15.116947174072266,-7.16694974899292,-45.714107513427734,-13.955116271972656,-6.565883636474609,-46.6132698059082,-14.901083946228027,-6.540694713592529,-45.00654602050781,-14.272199630737305,-5.1539082527160645,-37.51494216918945,0.6408088207244873,1.2419312000274658,-42.419586181640625,-1.441584825515747,0.5849655270576477,-40.37017822265625,0.4697841703891754,0.7592845559120178,-45.26594161987305,-6.941510200500488,-3.399610757827759,-46.87404251098633,-14.382695198059082,-5.741786479949951,-39.04331970214844,0.4259541630744934,1.1269911527633667,-41.09807586669922,-12.819694519042969,-4.309053897857666,-35.95909118652344,-13.579117774963379,-4.472131252288818,-36.220619201660156,-10.696847915649414,-3.4763128757476807,-36.31217956542969,-10.145092964172363,-3.233377695083618,-36.58562469482422,-2.438072681427002,-1.2447177171707153,-47.0991325378418,-1.7298758029937744,-0.8619483709335327,-46.91584014892578,-15.022557258605957,-7.041023254394531,-46.181243896484375,-14.681257247924805,-6.520336151123047,-42.09735870361328,-14.66223430633545,-6.290486812591553,-41.44157028198242,-10.594071388244629,-4.92488956451416,-46.704872131347656,-12.314221382141113,-4.050074100494385,-36.17511749267578,-15.090649604797363,-7.049911975860596,-44.71601867675781,-14.884746551513672,-6.682095050811768,-43.00288772583008,-0.27152299880981445,-0.10506954789161682,-46.63568878173828,1.426072597503662,1.1891788244247437,-44.0391845703125,-2.070497751235962,0.26231855154037476,-39.639522552490234,-11.605875968933105,-5.7241315841674805,-46.693241119384766,-15.090283393859863,-7.191314220428467,-45.313358306884766,-14.184530258178711,-5.128547191619873,-35.774906158447266,-1.4137592315673828,0.3779888153076172,-39.5921630859375,-4.941676616668701,-2.482912302017212,-47.10758590698242,-3.9655213356018066,-2.1760361194610596,-47.29154586791992,-14.290660858154297,-6.191853046417236,-39.487060546875,0.005012094974517822,0.8288240432739258,-40.016666412353516,-14.373709678649902,-5.437045574188232,-36.62763595581055,-11.046897888183594,-5.522085189819336,-46.86258316040039,-4.619410037994385,-0.8818438053131104,-38.630393981933594,1.793945550918579,0.8662501573562622,-45.738224029541016,-6.113678932189941,-3.1674370765686035,-47.073890686035156,-5.02435827255249,-1.3761647939682007,-38.028507232666016,-14.390970230102539,-6.932552814483643,-46.86333084106445,-8.53413200378418,-4.226726055145264,-46.86740493774414,-14.481670379638672,-5.977712631225586,-38.02993392944336,-13.80859375,-4.818088054656982,-35.91048049926758,-13.50633430480957,-4.792750358581543,-35.39793014526367,-13.1978120803833,-4.368599891662598,-35.84243392944336,-7.625857353210449,-2.686718702316284,-36.79600524902344,-14.874874114990234,-7.3850321769714355,-46.88454055786133,0.8830863237380981,0.40975338220596313,-46.454368591308594,-14.993441581726074,-7.130555629730225,-43.514766693115234,-11.406033515930176,-3.9983363151550293,-35.92854309082031,-7.256039142608643,-2.2383389472961426,-37.25118637084961,-6.013031482696533,-1.8314746618270874,-37.44853973388672,-3.3382816314697266,-0.5466135144233704,-38.61327362060547,-14.576370239257812,-6.477156162261963,-40.701438903808594,1.4088982343673706,1.337080478668213,-41.34060287475586,-15.30968952178955,-7.693748950958252,-46.334991455078125,-12.782349586486816,-6.471576690673828,-46.99791717529297,-0.7589055895805359,-0.9923410415649414,-47.603538513183594,-10.028863906860352,-5.2298126220703125,-47.006248474121094,-11.896626472473145,-4.226424217224121,-35.67586135864258,2.2211854457855225,1.4248789548873901,-42.22555160522461,-4.917915344238281,-2.9370391368865967,-47.39773941040039,-2.9826161861419678,-2.1127452850341797,-47.65023422241211,-1.726820468902588,-0.030151620507240295,-38.89950180053711,-8.41288948059082,-3.0570764541625977,-36.535865783691406,-15.132926940917969,-7.681832313537598,-44.32340621948242,-0.5132927298545837,0.4708781838417053,-39.27415466308594,-13.479439735412598,-7.091092586517334,-47.041717529296875,-14.79164981842041,-6.904974460601807,-42.52812957763672,-12.534384727478027,-4.698344707489014,-35.27357864379883,-9.523223876953125,-3.492361545562744,-36.28015899658203,2.266141414642334,1.2385139465332031,-43.81946563720703,-7.841310501098633,-4.390528202056885,-47.09639358520508,-3.5749106407165527,-2.7669949531555176,-47.73323059082031,-11.954845428466797,-6.23297643661499,-46.95284652709961,1.6952810287475586,0.3591747581958771,-47.195987701416016,-3.965874671936035,-1.0413213968276978,-38.158443450927734,-6.832057952880859,-3.955524444580078,-47.125431060791016,-1.6681475639343262,-1.6407861709594727,-47.79145431518555,-14.507759094238281,-7.485718250274658,-47.27898025512695,-13.962455749511719,-5.233383655548096,-34.91679382324219,-1.9014699459075928,-0.4141780138015747,-38.41484451293945,0.5250278115272522,-0.4308191239833832,-47.568546295166016,-15.210739135742188,-7.742908477783203,-45.795902252197266,2.848355293273926,0.9056411981582642,-45.26533508300781,-14.546935081481934,-5.955740928649902,-35.822303771972656,1.3481253385543823,-0.3949573338031769,-47.98134231567383,-8.825432777404785,-4.817922115325928,-47.04623031616211,0.9369450807571411,1.0265986919403076,-39.965782165527344,-2.425692081451416,-0.5741822719573975,-38.413429260253906,-14.570676803588867,-6.121571063995361,-36.944522857666016,-14.429536819458008,-6.572268962860107,-40.00220489501953,-9.834968566894531,-3.919778823852539,-35.88707733154297,-6.270118713378906,-2.3584604263305664,-36.982147216796875,-14.343924522399902,-6.384618282318115,-39.145606994628906,-10.864745140075684,-5.9071149826049805,-47.052913665771484,2.8327693939208984,0.5798624753952026,-46.925392150878906,2.5104751586914062,1.4631037712097168,-41.00666809082031,3.1419379711151123,1.1719831228256226,-43.474857330322266,-10.841092109680176,-4.409377574920654,-35.41890335083008,1.8564491271972656,1.1885731220245361,-39.79240798950195,-2.196805477142334,-1.87550687789917,-47.78863525390625,-11.99744987487793,-6.927411079406738,-47.24110794067383,-13.442562103271484,-5.246433258056641,-34.92027282714844,-6.061244010925293,-3.9299521446228027,-47.43735122680664,-11.386977195739746,-6.435314178466797,-46.90807342529297,-12.840838432312012,-5.298822402954102,-34.69410705566406,-8.906601905822754,-3.6019184589385986,-36.15239334106445,-5.135199546813965,-3.5157485008239746,-47.569786071777344,-0.599385678768158,0.09834247827529907,-38.6236686706543,-11.87384033203125,-4.931785583496094,-35.011226654052734,-13.968079566955566,-5.463669776916504,-34.55348587036133,-10.298572540283203,-4.397178649902344,-35.620670318603516,-14.2373628616333,-6.922120094299316,-39.55706787109375,-14.415247917175293,-6.699012279510498,-38.68778610229492,-15.038436889648438,-7.555241107940674,-43.53242492675781,-14.53306770324707,-7.075584411621094,-40.8430061340332,-4.8283867835998535,-1.8401130437850952,-37.401824951171875,-15.209220886230469,-8.342089653015137,-47.38562774658203,-14.58938980102539,-5.996849060058594,-35.15829849243164,-12.928537368774414,-7.088448524475098,-47.23133087158203,2.329928398132324,0.07419884204864502,-48.00398254394531,2.9670145511627197,0.3145543932914734,-47.75597381591797,-15.52165412902832,-7.931660175323486,-46.41246795654297,-13.24073314666748,-7.72166633605957,-47.423580169677734,3.1475415229797363,1.365342378616333,-42.4508056640625,-3.921210765838623,-3.0900416374206543,-47.828460693359375,0.19369882345199585,-1.063775658607483,-48.062679290771484,-9.661589622497559,-5.679635047912598,-47.21104431152344,-6.59585428237915,-3.017828941345215,-36.5115966796875,3.3156511783599854,0.6191136240959167,-46.005470275878906,-15.529598236083984,-8.253273963928223,-47.006927490234375,-15.596464157104492,-8.500543594360352,-46.412498474121094,-14.434401512145996,-7.0771484375,-40.26255416870117,-14.83353042602539,-7.667196273803711,-42.82536697387695,-14.505884170532227,-6.540245056152344,-37.53740310668945,-14.603951454162598,-6.00253438949585,-34.6260871887207,-3.874324321746826,-1.747185230255127,-37.4804573059082,-3.0502216815948486,-1.115017294883728,-37.910430908203125,0.9281648397445679,0.44317716360092163,-38.51835250854492,-15.194101333618164,-8.1629638671875,-45.11924743652344,-14.131988525390625,-8.016717910766602,-47.48481750488281,1.3249115943908691,0.7831069231033325,-38.982181549072266,-14.411731719970703,-7.922117710113525,-47.38351058959961,-14.626017570495605,-6.608532905578613,-36.058998107910156,-10.585348129272461,-6.031971454620361,-47.07155227661133,-7.3678812980651855,-4.887247085571289,-47.380645751953125,-14.766146659851074,-7.459803104400635,-42.2266960144043,3.736835241317749,0.8625817894935608,-44.15771484375,-14.481256484985352,-7.304149627685547,-41.169864654541016,-14.520509719848633,-6.7403564453125,-36.95856475830078,-2.162710189819336,-2.4470725059509277,-48.153076171875,1.5034713745117188,-0.8054746985435486,-48.44565963745117,-14.428491592407227,-6.705472946166992,-38.02241134643555,-2.737813949584961,-2.92458438873291,-48.11875534057617,-0.8894761204719543,-1.7175301313400269,-48.13362121582031,-14.519754409790039,-7.556204795837402,-41.905548095703125,-8.537407875061035,-5.31863260269165,-47.210411071777344,-7.714153289794922,-5.273434162139893,-47.458473205566406,3.706231117248535,1.4134273529052734,-41.262638092041016,-15.203068733215332,-8.312140464782715,-45.822330474853516,-6.667449951171875,-4.5976433753967285,-47.35710525512695,-7.254251480102539,-3.37138032913208,-36.2852668762207,-15.567831039428711,-8.905353546142578,-47.61440658569336,-4.042995452880859,-3.615018129348755,-47.932403564453125,-15.01970100402832,-8.09621810913086,-44.17060852050781,3.115241289138794,-0.04919692873954773,-48.54515075683594,-14.909762382507324,-8.567852020263672,-47.81184768676758,-12.726667404174805,-7.449648857116699,-47.39369583129883,0.32104867696762085,-0.11171874403953552,-38.08466720581055,-10.376943588256836,-6.354592800140381,-47.3431282043457,-9.736334800720215,-4.440357685089111,-35.57545471191406,-5.122556209564209,-2.3224573135375977,-36.9014778137207,3.0176844596862793,1.4279816150665283,-40.26911163330078,-14.565865516662598,-6.527801990509033,-35.55809783935547,-4.451459884643555,-3.70089054107666,-47.849510192871094,-0.8301091194152832,-0.42287200689315796,-38.077110290527344,-14.845878601074219,-8.031106948852539,-43.589019775390625,-11.082047462463379,-6.966418743133545,-47.10080337524414,-13.771493911743164,-5.820577621459961,-34.01532745361328,-5.140203952789307,-3.984602928161621,-47.67158508300781,-13.098443984985352,-6.207281112670898,-34.28422546386719,3.2688605785369873,1.2842528820037842,-39.29682922363281,2.3719863891601562,0.9548749923706055,-38.94828414916992,4.161777496337891,0.5284224152565002,-44.99161148071289,-6.004101753234863,-4.417740821838379,-47.55472183227539,-14.271543502807617,-6.974323749542236,-39.17747497558594,-14.049530982971191,-7.06553840637207,-39.46821212768555,-1.4533452987670898,-0.9264619946479797,-37.73011779785156,3.74784255027771,0.3283047676086426,-47.14278030395508,3.912740707397461,1.0759047269821167,-42.73860168457031,4.138010501861572,0.30021989345550537,-45.64866638183594,-10.607550621032715,-5.008705139160156,-35.099571228027344,-8.417779922485352,-4.051214218139648,-35.951053619384766,-1.281163215637207,-2.5846662521362305,-48.4427375793457,-14.793474197387695,-7.817682266235352,-43.12683868408203,-14.74488639831543,-6.609784126281738,-34.42578887939453,-14.448330879211426,-6.779318332672119,-36.34589385986328,2.691077709197998,-0.7159913778305054,-48.865535736083984,-14.48863697052002,-6.207086563110352,-33.6956901550293,-15.026227951049805,-8.699714660644531,-45.39638137817383,3.643307685852051,0.9372050762176514,-43.44507598876953,-15.028782844543457,-8.712389945983887,-47.22673416137695,-12.378972053527832,-5.790717601776123,-34.41504669189453,3.9310779571533203,1.2948553562164307,-40.51046371459961,-9.063191413879395,-6.078638553619385,-47.351688385009766,-0.507454514503479,-2.3690693378448486,-48.59892272949219,0.182702898979187,-1.7586112022399902,-48.50592041015625,-5.48021125793457,-2.7439486980438232,-36.709197998046875,-14.597579956054688,-8.803067207336426,-47.42815399169922,-3.2329370975494385,-3.4983327388763428,-48.04784393310547,-15.080912590026855,-8.986390113830566,-46.4035758972168,-1.8912723064422607,-1.32546865940094,-37.62099075317383,-15.026859283447266,-8.44243335723877,-44.830562591552734,3.9381103515625,-0.02285856008529663,-48.5603141784668,-14.267555236816406,-6.937738418579102,-38.05614471435547,-5.9368438720703125,-3.1236066818237305,-36.474735260009766,-14.180949211120605,-7.282240390777588,-39.90120315551758,-14.622681617736816,-6.597887992858887,-35.11244583129883,-14.164878845214844,-7.026527404785156,-38.82329559326172,3.697221279144287,-0.4838272035121918,-49.28364181518555,-14.345005989074707,-7.653658390045166,-41.340736389160156,-9.643328666687012,-5.032735824584961,-35.35786437988281,3.8133058547973633,1.3158749341964722,-39.64158248901367,-14.293478965759277,-7.527290344238281,-40.53291702270508,-2.4068446159362793,-1.5101895332336426,-37.5056037902832,-14.448348045349121,-8.064719200134277,-42.419708251953125,1.069283366203308,-1.4622641801834106,-48.70879364013672,4.129790306091309,0.07500326633453369,-48.02180862426758,-4.305568218231201,-2.258979320526123,-37.02769470214844,-3.2443478107452393,-1.8256216049194336,-37.4759521484375,-14.282829284667969,-6.842164516448975,-36.745704650878906,4.473492622375488,0.8646569848060608,-42.21615982055664,1.9554635286331177,0.4320630133152008,-38.27410888671875,-13.164371490478516,-8.281662940979004,-47.406280517578125,-14.661582946777344,-6.613696575164795,-33.49514389038086,-10.96433162689209,-5.4657673835754395,-34.79056930541992,-11.665510177612305,-5.593893051147461,-34.609718322753906,-14.879756927490234,-8.984326362609863,-46.91434860229492,-13.893832206726074,-6.287431240081787,-33.58502197265625,-8.143221855163574,-5.916943073272705,-47.33391571044922,-6.404120445251465,-5.131453514099121,-47.539703369140625,3.1888599395751953,0.920616090297699,-38.611446380615234,-4.593245983123779,-4.294733047485352,-47.88270568847656,-12.479955673217773,-7.92557954788208,-47.30815505981445,-14.815810203552246,-8.458565711975098,-43.79126739501953,4.280704975128174,-0.3770727813243866,-49.309574127197266,-14.95669937133789,-9.0263090133667,-45.998104095458984,-14.591415405273438,-8.332395553588867,-43.0877799987793,-14.335515022277832,-7.966186046600342,-41.87952423095703,-10.683156967163086,-7.2003021240234375,-47.163291931152344,-5.2975850105285645,-4.483333110809326,-47.68671798706055,-14.121286392211914,-7.292433261871338,-38.4663200378418,-14.114645957946777,-7.304278373718262,-39.03309631347656,-14.222439765930176,-7.045814037322998,-35.36558151245117,-14.332717895507812,-7.088720798492432,-37.3721923828125,4.531699180603027,0.39907106757164,-43.7108154296875,0.2570340633392334,-2.3248186111450195,-48.74857711791992,-7.590899467468262,-4.289599895477295,-35.992610931396484,4.6816086769104,-0.04209999740123749,-46.46228790283203,4.234072685241699,1.2091290950775146,-41.17303466796875,0.024822652339935303,-1.0032947063446045,-37.41849136352539,-14.138647079467773,-7.360074996948242,-37.66157531738281,-14.385151863098145,-7.124691486358643,-35.74831771850586,-9.761791229248047,-6.840417861938477,-47.27750015258789,-14.087382316589355,-7.7321600914001465,-40.193748474121094,-3.8224575519561768,-4.149847984313965,-48.0594482421875,-14.20297622680664,-7.286966323852539,-36.597232818603516,-14.181385040283203,-7.282156944274902,-37.059722900390625,-14.425366401672363,-8.958374977111816,-47.235069274902344,-13.499785423278809,-6.564729690551758,-33.867610931396484,-2.5997731685638428,-2.3746235370635986,-37.129913330078125,-13.831022262573242,-7.754879474639893,-39.47919845581055,-3.558730125427246,-2.4122867584228516,-36.942543029785156,-2.3229806423187256,-3.361410140991211,-48.34934616088867,2.3801865577697754,-1.3446335792541504,-49.05764389038086,-13.959903717041016,-7.574092864990234,-37.9967155456543,-14.690337181091309,-8.829031944274902,-44.43572998046875,-8.926475524902344,-4.830269813537598,-35.57179260253906,-5.177428722381592,-4.7355852127075195,-47.80658721923828,-0.5542389154434204,-2.964885711669922,-48.71074295043945,-14.138443946838379,-8.183280944824219,-41.579566955566406,-5.8695068359375,-5.193059921264648,-47.654029846191406,4.534265995025635,0.3768225312232971,-44.32807540893555,-13.856775283813477,-6.622013568878174,-34.099571228027344,-10.249120712280273,-5.322933197021484,-35.27041244506836,-6.259299278259277,-3.9593605995178223,-36.16813659667969,-14.16109561920166,-7.203581809997559,-36.078304290771484,1.1842472553253174,-2.177487373352051,-49.044559478759766,-14.211196899414062,-6.820118427276611,-34.54838943481445,1.9631379842758179,-1.8146709203720093,-49.138484954833984,-14.090911865234375,-7.685445785522461,-41.243900299072266,-8.228620529174805,-6.321134567260742,-47.36442947387695,2.669478416442871,0.5001732110977173,-38.14855194091797,4.5201005935668945,1.1203185319900513,-40.003604888916016,-14.351567268371582,-9.10250186920166,-44.955196380615234,1.8145556449890137,-0.06690582633018494,-37.7952995300293,4.432719707489014,1.2107261419296265,-38.765480041503906,-11.492960929870605,-7.965476989746094,-47.09151840209961,-14.085075378417969,-8.132744789123535,-41.151546478271484,-1.662374496459961,-3.5094480514526367,-48.49305725097656,4.896381855010986,-0.1808730661869049,-47.8933219909668,-14.137168884277344,-7.049304008483887,-34.638511657714844,3.874626636505127,-1.0471845865249634,-49.532867431640625,3.995938539505005,0.979637861251831,-38.39604949951172,4.606455326080322,1.1987923383712769,-39.206790924072266,-14.57107162475586,-9.121990203857422,-45.37821578979492,-7.281524658203125,-5.904582500457764,-47.53801345825195,-5.021779537200928,-3.1497762203216553,-36.52705383300781,-13.85594654083252,-8.976469993591309,-47.046791076660156,-8.809752464294434,-7.004644870758057,-47.198429107666016,-8.090842247009277,-4.428837299346924,-35.81129837036133,-14.00905704498291,-8.063774108886719,-40.43449783325195,-4.016090393066406,-2.856285333633423,-36.65748596191406,-14.479026794433594,-9.233705520629883,-46.38041687011719,-6.458505153656006,-5.630284309387207,-47.58625030517578,4.807918548583984,0.055974774062633514,-44.82908248901367,-2.88944673538208,-4.015777111053467,-48.174922943115234,5.22813081741333,-0.4872802793979645,-47.2871208190918,-0.9351679086685181,-1.7310876846313477,-37.17894744873047,-13.824667930603027,-7.632095813751221,-38.95786666870117,-12.718047142028809,-8.588740348815918,-47.04094314575195,2.898845672607422,-1.593814492225647,-49.32813262939453,-12.370379447937012,-6.610870838165283,-34.3146858215332,4.840250492095947,-0.3234259784221649,-48.32715606689453,-14.437610626220703,-8.922077178955078,-43.60272979736328,-13.992793083190918,-8.58008861541748,-42.67714309692383,-13.939088821411133,-8.638440132141113,-42.271339416503906,4.894334316253662,-0.8756307363510132,-50.044761657714844,-6.8649725914001465,-4.229665756225586,-36.03166198730469,4.93194055557251,0.5463274717330933,-42.1459846496582,5.04891300201416,0.14247341454029083,-42.766441345214844,4.868152141571045,0.518760085105896,-41.57042694091797,0.6504453420639038,-2.7573087215423584,-48.963279724121094,5.07772970199585,0.683932900428772,-41.076499938964844,-11.427099227905273,-6.1980977058410645,-34.595890045166016,-9.917284965515137,-7.768795013427734,-46.84988021850586,0.03134047985076904,-2.946411371231079,-48.83595275878906,-13.76698112487793,-7.45870304107666,-35.23073959350586,-13.722867965698242,-7.857111930847168,-38.26961898803711,-0.4726683497428894,-1.4108294248580933,-37.27210998535156,1.3462307453155518,-0.649535059928894,-37.52366638183594,-4.9735212326049805,-5.109597682952881,-47.774497985839844,4.825127601623535,-0.6728758811950684,-48.830894470214844,-13.484734535217285,-8.345516204833984,-39.48356246948242,-13.447956085205078,-7.1457929611206055,-34.3483772277832,-10.618202209472656,-7.8831682205200195,-46.84397506713867,-3.513408899307251,-4.725919723510742,-48.05084991455078,-14.124679565429688,-9.341618537902832,-45.93452072143555,-13.918094635009766,-9.260361671447754,-44.365211486816406,-13.302969932556152,-8.156262397766113,-39.04875564575195,5.532216548919678,0.6738194823265076,-39.94960403442383,5.04262113571167,-0.32761067152023315,-45.6705207824707,-13.530436515808105,-9.328948020935059,-46.389312744140625,5.421743392944336,0.9834480285644531,-38.12882614135742,-0.8414252996444702,-3.8262128829956055,-48.593894958496094,-6.177413463592529,-6.063844680786133,-47.529964447021484,-13.462591171264648,-7.832576751708984,-36.57210922241211,-1.559859275817871,-2.336491107940674,-37.0516471862793,5.795141220092773,0.6475113034248352,-39.13914489746094,5.2243733406066895,-0.35397103428840637,-44.141475677490234,-7.619731903076172,-6.855129241943359,-47.26382064819336,-12.924249649047852,-7.1133503913879395,-34.21983337402344,-13.754125595092773,-8.657621383666992,-41.56132888793945,-13.47761058807373,-8.484867095947266,-40.281524658203125,-9.282079696655273,-7.596601963043213,-46.81364440917969,3.9400475025177,0.15708982944488525,-37.567832946777344,4.80328893661499,0.8384682536125183,-37.98556900024414,-13.420275688171387,-8.149087905883789,-38.66345977783203,-9.973861694335938,-5.879104137420654,-35.261417388916016,2.7944445610046387,-0.2192229926586151,-37.47603225708008,-5.290053367614746,-5.653547286987305,-47.680294036865234,1.5678150653839111,-2.720244884490967,-49.12245178222656,5.123205661773682,-1.0462017059326172,-49.29169464111328,5.078153133392334,-0.5271010398864746,-44.95510482788086,-13.3043212890625,-9.077404975891113,-42.53382873535156,2.5470101833343506,-2.14227557182312,-49.34147644042969,-8.237993240356445,-5.150190830230713,-35.653194427490234,-8.369566917419434,-7.360153675079346,-46.94831466674805,-5.6814446449279785,-4.03447961807251,-36.2612419128418,-4.4653401374816895,-5.323729991912842,-47.802093505859375,-0.19983971118927002,-3.7656519412994385,-48.66111373901367,-11.72690200805664,-8.843850135803223,-46.46048355102539,-8.926583290100098,-5.505771636962891,-35.49425506591797,5.073760032653809,0.05525905266404152,-43.58183670043945,-13.77546501159668,-9.161243438720703,-43.26057434082031,5.45066499710083,-0.16541635990142822,-42.4259033203125,-2.182722806930542,-4.341444969177246,-48.26937484741211,2.0560102462768555,-0.5702884197235107,-37.41612243652344,3.6971828937530518,-1.7596193552017212,-49.608638763427734,5.224475383758545,-0.4740658402442932,-46.504425048828125,-13.168488502502441,-8.247138977050781,-37.89352035522461,-11.118194580078125,-6.847899913787842,-34.90742492675781,-10.021989822387695,-6.467010974884033,-35.23365020751953,-10.899157524108887,-8.356806755065918,-46.70810317993164,5.201418399810791,0.05126670002937317,-41.93229293823242,4.619771957397461,-1.3708692789077759,-49.8231201171875,5.955563545227051,-0.36641454696655273,-50.483482360839844,5.759642124176025,-0.7081637382507324,-50.52283477783203,5.42147159576416,-1.199849247932434,-50.11017608642578,6.077696800231934,0.5935699939727783,-38.83742141723633,5.512221336364746,-0.6275631189346313,-48.68677520751953,-3.297589063644409,-3.4739866256713867,-36.63865280151367,5.399291038513184,-0.8526986837387085,-49.865699768066406,4.305682182312012,0.4497009813785553,-37.8415641784668,5.857994079589844,-0.9390084743499756,-49.46736145019531,6.084059238433838,-0.6894276142120361,-49.88549041748047,-13.33116340637207,-9.471349716186523,-45.592262268066406,-12.890495300292969,-7.4325408935546875,-34.61504364013672,-7.187951564788818,-4.985230445861816,-35.94429016113281,-12.704865455627441,-9.42931842803955,-45.80343246459961,-12.152255058288574,-9.200675964355469,-46.123313903808594,-4.868969917297363,-3.89827299118042,-36.452850341796875,5.545564651489258,-0.8833833336830139,-45.585205078125,1.0847735404968262,-1.3138618469238281,-37.2435302734375,5.561215400695801,0.35767969489097595,-40.86015701293945,-12.99327278137207,-7.832395076751709,-35.66451644897461,5.685694217681885,-1.0572090148925781,-47.96024703979492,-0.03195083141326904,-2.1822969913482666,-37.01972961425781,2.021669387817383,-3.0045907497406006,-49.14535140991211,3.175689220428467,-2.4740006923675537,-49.44423294067383,-1.9107370376586914,-4.856144905090332,-48.113277435302734,5.431262493133545,0.17225809395313263,-41.46133041381836,-10.527885437011719,-8.736526489257812,-46.25898361206055,-8.719148635864258,-6.162600517272949,-35.61164855957031,-6.245233535766602,-4.834766387939453,-36.14842987060547,-2.1220932006835938,-3.1523053646087646,-36.913333892822266,5.50993537902832,-0.3994840979576111,-42.87337875366211,5.931967735290527,0.3289754092693329,-39.98898696899414,-4.189023494720459,-3.9621291160583496,-36.465267181396484,-12.602648735046387,-9.672272682189941,-44.176448822021484,-12.90618896484375,-9.272917747497559,-41.931358337402344,-13.031784057617188,-8.909209251403809,-40.658023834228516,5.169808864593506,0.3635261356830597,-37.68682098388672,-3.743291139602661,-5.653717517852783,-47.74268341064453,0.8422976732254028,-3.5727596282958984,-48.84651184082031,5.829947471618652,-0.8771364688873291,-48.704837799072266,5.8092851638793945,-1.1407455205917358,-49.973960876464844,-11.803581237792969,-7.406012535095215,-35.069358825683594,3.65382719039917,-2.5352554321289062,-49.555320739746094,5.615408897399902,-0.9836384057998657,-46.33103942871094,-12.81145191192627,-8.939652442932129,-39.81985855102539,6.078927040100098,0.6488471031188965,-37.69789505004883,-5.733846664428711,-6.782516956329346,-47.238731384277344,-7.286541938781738,-7.308226585388184,-46.97816467285156,-4.691048622131348,-6.01704740524292,-47.558353424072266,-8.171721458435059,-5.794319152832031,-35.683837890625,-12.179884910583496,-7.857451438903809,-35.448970794677734,2.752816677093506,-3.0184829235076904,-49.213985443115234,4.207308769226074,-2.184192419052124,-49.71803283691406,5.66463041305542,-0.9797173738479614,-47.032127380371094,-12.84095287322998,-9.444758415222168,-43.63622283935547,-4.956960201263428,-4.5811448097229,-36.389793395996094,4.594745635986328,-2.1014859676361084,-49.55879592895508,5.639604568481445,0.13500674068927765,-40.687618255615234,-12.570202827453613,-8.408636093139648,-37.389949798583984,5.605082988739014,-0.802598774433136,-43.770835876464844,3.2702512741088867,-0.7293148040771484,-37.21286392211914,-9.102108001708984,-8.301536560058594,-46.22404861450195,-12.663354873657227,-9.5498628616333,-45.196170806884766,-12.716940879821777,-8.787843704223633,-39.348236083984375,-7.3162946701049805,-5.493376731872559,-35.907562255859375,1.6842460632324219,-1.6990926265716553,-37.154457092285156,5.265058994293213,0.015091627836227417,-37.260467529296875,-9.250718116760254,-6.544488430023193,-35.601654052734375,-0.6311346292495728,-2.557743787765503,-37.00559997558594,-12.769155502319336,-9.542757987976074,-44.65863800048828,-2.893303871154785,-5.7546610832214355,-47.621429443359375,-0.366879940032959,-4.531789779663086,-48.33442306518555,5.611804008483887,-1.5735375881195068,-49.69082260131836,5.75979471206665,-0.24793417751789093,-41.458473205566406,5.861527442932129,-0.09215874969959259,-40.88566589355469,-12.031691551208496,-8.406241416931152,-36.97844696044922,-4.3099775314331055,-4.587778091430664,-36.55864715576172,-12.5316801071167,-8.823967933654785,-38.85149002075195,-1.0134313106536865,-3.120797872543335,-36.91556167602539,5.740131855010986,-1.6744670867919922,-49.28213882446289,3.244474411010742,-3.0173590183258057,-49.2223014831543,5.771329879760742,-1.540909767150879,-48.45319747924805,5.448472499847412,-1.0886218547821045,-44.97678756713867,6.3655290603637695,0.2492833435535431,-37.9748649597168,1.9916002750396729,-3.761202812194824,-48.77164077758789,1.3426976203918457,-3.8695085048675537,-48.713348388671875,-9.83028793334961,-6.91855001449585,-35.4339599609375,6.315590858459473,-0.08156317472457886,-39.537567138671875,-10.640249252319336,-7.42815637588501,-35.46464920043945,-6.401322841644287,-5.620319366455078,-36.27509307861328,-11.709390640258789,-9.461457252502441,-45.32381820678711,-11.618484497070312,-8.218037605285645,-36.2560920715332,-12.194361686706543,-9.581547737121582,-42.826393127441406,4.579113483428955,-0.31172579526901245,-37.23347091674805,2.5057106018066406,-1.7102123498916626,-37.140682220458984,5.705903053283691,-0.8512884378433228,-42.8870849609375,6.0191121101379395,-0.5993529558181763,-41.25467300415039,5.526911735534668,-1.9877151250839233,-49.68757247924805,6.118945121765137,-0.1879444122314453,-40.2959098815918,5.703436851501465,-1.478441596031189,-47.01097106933594,-5.104037761688232,-5.0591959953308105,-36.491634368896484,-2.2490851879119873,-3.9780099391937256,-36.85256576538086,-8.037084579467773,-8.09933090209961,-46.31835174560547,6.59259557723999,0.28874698281288147,-38.30450439453125,-1.0354994535446167,-5.227787971496582,-47.897464752197266,-2.2119717597961426,-5.647975921630859,-47.65549850463867,5.094780921936035,-2.046144962310791,-49.52983474731445,1.1026479005813599,-2.4050896167755127,-37.17977523803711,6.205935955047607,-0.38324588537216187,-40.7056999206543,4.428499221801758,-0.7447272539138794,-37.15296173095703,6.4640069007873535,0.335567831993103,-37.5434455871582,-11.95655345916748,-9.661582946777344,-44.66780090332031,-12.100886344909668,-9.342154502868652,-40.69208908081055,-8.343220710754395,-6.719791889190674,-35.95302200317383,5.691272735595703,-1.763283133506775,-45.827266693115234,-7.331707000732422,-6.136259078979492,-36.04846954345703,6.315321922302246,0.036437004804611206,-37.24431228637695,0.1441185474395752,-2.905599594116211,-37.09897994995117,-10.81049633026123,-9.29781723022461,-45.38753128051758,-3.9759793281555176,-6.592292308807373,-47.17879104614258,-3.659558057785034,-4.451132297515869,-36.63270568847656,4.7548041343688965,-2.7020678520202637,-49.1439208984375,5.675426959991455,-0.7664192318916321,-42.047874450683594,5.599974155426025,-1.593994140625,-45.14247512817383,6.702049732208252,-0.1179446280002594,-39.09138107299805,-5.335354328155518,-7.111638069152832,-46.999420166015625,2.925854206085205,-1.878988265991211,-37.17063522338867,5.58586311340332,-1.5801926851272583,-44.09597396850586,-1.4476321935653687,-3.620932102203369,-36.9406852722168,0.8685346245765686,-4.655760288238525,-48.20855712890625,-9.70223331451416,-8.872417449951172,-45.64972686767578,-5.305148124694824,-5.651553153991699,-36.555904388427734,-0.2782798409461975,-3.2108922004699707,-37.061187744140625,-5.854402542114258,-6.11558198928833,-36.652732849121094,3.3963568210601807,-1.3381376266479492,-37.13252258300781,5.772159576416016,-1.8975731134414673,-47.341617584228516,-6.893678188323975,-7.758627891540527,-46.50882339477539,-11.257589340209961,-9.056672096252441,-38.69051742553711,-8.546480178833008,-8.906530380249023,-45.29108428955078,5.472963333129883,-0.4131223261356354,-37.16408920288086,5.73519229888916,-2.0719892978668213,-47.95469284057617,-11.178092956542969,-9.673079490661621,-43.64342498779297,2.120518207550049,-2.3971102237701416,-37.23202133178711,5.612079620361328,-1.3127049207687378,-42.18925476074219,-2.933471202850342,-4.5505499839782715,-36.81197738647461,-10.985424041748047,-9.592937469482422,-44.80719757080078,6.4959611892700195,-0.2946825623512268,-39.615394592285156,5.4728899002075195,-2.463994026184082,-48.20620346069336,-11.467022895812988,-9.28610897064209,-39.5859375,5.5308918952941895,-2.479640007019043,-48.99268341064453,7.060492992401123,0.08237719535827637,-37.91078567504883,6.901546001434326,0.15143239498138428,-37.20441436767578,-10.553011894226074,-8.112499237060547,-36.28933334350586,-11.060014724731445,-9.761737823486328,-44.21297836303711,-9.009117126464844,-7.417585372924805,-36.21932601928711,5.736705303192139,-2.063178300857544,-46.348506927490234,1.8521044254302979,-2.745802879333496,-37.25737380981445,5.725113868713379,-1.1845250129699707,-42.815792083740234,2.9552106857299805,-3.740037202835083,-48.657264709472656,-9.749306678771973,-8.040457725524902,-36.47168731689453,-4.584978103637695,-5.366940498352051,-36.66283416748047,-0.27981066703796387,-5.347958564758301,-47.72246170043945,-11.547197341918945,-9.672560691833496,-42.504905700683594,-3.540388822555542,-5.18497896194458,-36.8771858215332,-2.847952365875244,-6.624842166900635,-46.966739654541016,6.0680975914001465,-1.2344613075256348,-41.560794830322266,6.374971389770508,-0.5763583779335022,-40.05297088623047,-9.748273849487305,-9.169418334960938,-45.05699157714844,-5.632288932800293,-7.665359973907471,-46.451175689697266,7.122622489929199,0.3916601240634918,-37.128517150878906,6.252285957336426,-1.0583604574203491,-40.6941032409668,4.200997352600098,-1.3936583995819092,-37.2069206237793,5.808619499206543,-1.6362556219100952,-43.1408805847168,-10.793448448181152,-8.553227424621582,-37.11692810058594,-11.31170654296875,-9.520295143127441,-40.9151496887207,-7.07808780670166,-6.720137119293213,-36.479026794433594,4.188601493835449,-3.521552085876465,-48.54946517944336,-7.420774459838867,-8.586103439331055,-45.490238189697266,-10.341777801513672,-8.783214569091797,-37.7008056640625,-0.1649632453918457,-3.851245403289795,-37.19199752807617,1.2349400520324707,-3.1603949069976807,-37.336463928222656,5.663925647735596,-0.6862190365791321,-37.28514862060547,6.873411178588867,-0.36278510093688965,-38.57474899291992,-9.942063331604004,-9.488249778747559,-44.85873031616211,-4.238284111022949,-7.2502241134643555,-46.62290573120117,5.613419055938721,-1.9051647186279297,-44.81511688232422,0.4382660984992981,-5.283753395080566,-47.69394302368164,5.705723285675049,-1.7834573984146118,-42.381107330322266,5.640057563781738,-2.404547691345215,-47.12404251098633,-1.5917168855667114,-5.965500831604004,-47.30227279663086,-10.39084243774414,-9.620150566101074,-43.726139068603516,4.912059783935547,-1.2792425155639648,-37.29022979736328,7.013092517852783,-0.2156294286251068,-37.44147872924805,-8.884511947631836,-7.829808235168457,-36.66279220581055,3.631371021270752,-1.954290509223938,-37.324031829833984,5.565522193908691,-2.220770835876465,-43.94138717651367,-0.8239169120788574,-4.190356254577637,-37.16454315185547,6.724272727966309,-0.6927778720855713,-39.173851013183594,7.348337173461914,0.0066894590854644775,-37.45073318481445,5.167849540710449,-3.1371970176696777,-48.3685188293457,-1.7050602436065674,-4.692291736602783,-37.11707305908203,0.6236885786056519,-3.5279226303100586,-37.4049072265625,6.083694934844971,-1.382080078125,-41.196353912353516,7.46940803527832,0.04398071765899658,-36.76102066040039,-10.440461158752441,-9.668848991394043,-42.32505798339844,-2.6077792644500732,-5.217719554901123,-37.0998649597168,6.665599346160889,-0.7821382284164429,-38.0033073425293,2.371756076812744,-4.7653279304504395,-47.7519416809082,5.715458869934082,-2.2619388103485107,-44.55667495727539,6.367548942565918,-0.6819508671760559,-37.596378326416016,5.58554744720459,-2.833815097808838,-46.54774475097656,4.878664016723633,-3.3290233612060547,-48.36674499511719,5.647655963897705,-2.465524911880493,-45.269561767578125,7.664917945861816,-0.11429283022880554,-37.059181213378906,5.918228626251221,-1.7546955347061157,-41.96807861328125,6.802907943725586,-0.830588698387146,-38.41569519042969,7.031432628631592,-0.4915868937969208,-37.80348205566406,-8.218355178833008,-9.118337631225586,-45.135986328125,3.3932723999023438,-4.292691230773926,-47.954139709472656,-9.503585815429688,-9.399110794067383,-44.00101089477539,6.544679641723633,-1.2440553903579712,-39.42158889770508,5.209255218505859,-3.1531968116760254,-47.31443786621094,-10.554261207580566,-9.49831485748291,-40.543251037597656,-9.09122371673584,-9.394024848937988,-44.60696029663086,-8.146703720092773,-7.9580912590026855,-37.15499496459961,-6.885218143463135,-7.347587585449219,-37.06273651123047,-6.1345720291137695,-6.800873279571533,-36.934608459472656,-10.299004554748535,-9.166316032409668,-38.967254638671875,2.871140480041504,-2.5653703212738037,-37.42880630493164,5.6260986328125,-2.516770362854004,-42.7950553894043,-9.102214813232422,-8.386496543884277,-37.27916717529297,4.859339714050293,-1.903637170791626,-37.502132415771484,5.709874153137207,-1.5677696466445923,-37.744075775146484,-5.668103218078613,-8.102081298828125,-45.68354415893555,-4.257861614227295,-6.2649431228637695,-37.215457916259766,1.6478153467178345,-5.1959757804870605,-47.41684341430664,6.345892429351807,-1.34808349609375,-40.22856140136719,5.99594259262085,-1.8572782278060913,-41.523834228515625,-9.814029693603516,-9.594799041748047,-43.14842224121094,-1.4774794578552246,-6.32863712310791,-46.79331588745117,6.823001384735107,-0.9715104103088379,-37.72351837158203,-6.13810920715332,-8.529801368713379,-45.49945831298828,-3.317185163497925,-7.500968933105469,-46.078025817871094,-9.54214096069336,-9.602109909057617,-42.243656158447266,6.160566806793213,-1.7101058959960938,-40.658756256103516,4.796530246734619,-3.457871437072754,-47.451839447021484,-8.190699577331543,-9.306917190551758,-44.63624572753906,-5.48847770690918,-6.8500847816467285,-37.25505828857422,-0.16796289384365082,-6.313328742980957,-46.48817825317383,4.234058380126953,-4.05280876159668,-47.88379669189453,4.2638726234436035,-2.5881056785583496,-37.74114990234375,5.2973127365112305,-3.2202157974243164,-45.79570007324219,-9.435620307922363,-9.102973937988281,-38.81806564331055,-9.733790397644043,-9.54220962524414,-41.211788177490234,2.385727882385254,-3.4236090183258057,-37.69073486328125,2.710477828979492,-2.9776759147644043,-37.551448822021484,5.799738883972168,-2.438354730606079,-42.19577407836914,-8.185661315917969,-9.274283409118652,-44.00353240966797,-8.295697212219238,-9.413834571838379,-43.251033782958984,5.5232367515563965,-2.9220798015594482,-44.375633239746094,1.4487051963806152,-3.7801685333251953,-37.60598373413086,-8.940901756286621,-9.517555236816406,-42.9229621887207,-9.541780471801758,-9.44892406463623,-40.405521392822266,-6.8387532234191895,-8.887250900268555,-44.9757194519043,4.319584369659424,-4.060436725616455,-47.41792678833008,-0.8754985332489014,-4.888579845428467,-37.43218994140625,-0.15081971883773804,-4.706345558166504,-37.614261627197266,0.8565071821212769,-5.949245452880859,-46.711273193359375,5.348069667816162,-3.058382272720337,-43.27189254760742,-1.3209431171417236,-6.600919246673584,-46.24475860595703,4.686774730682373,-3.7961761951446533,-46.366058349609375,6.624427318572998,-1.499619722366333,-38.89845657348633,-8.443644523620605,-8.684857368469238,-38.290313720703125,-3.259091377258301,-6.3022894859313965,-37.6650390625,0.5766856670379639,-4.462492942810059,-37.90206527709961,3.6694157123565674,-2.98812198638916,-37.80876159667969,-7.194636344909668,-8.064085006713867,-37.79613494873047,-4.955480098724365,-8.229116439819336,-45.749298095703125,2.9123611450195312,-5.065309047698975,-47.06498336791992,6.448843002319336,-1.9111804962158203,-39.21971893310547,6.2943434715271,-1.5899889469146729,-38.55952072143555,6.3895158767700195,-1.6086628437042236,-38.04191207885742,-8.498950004577637,-9.412667274475098,-41.18973159790039,5.919197082519531,-2.3742904663085938,-41.30632400512695,-7.483668327331543,-9.220223426818848,-43.661285400390625,-8.74921989440918,-9.230583190917969,-39.787899017333984,-6.214722156524658,-8.679662704467773,-44.6890754699707,-8.535566329956055,-9.451547622680664,-42.173709869384766,6.160912036895752,-2.1332778930664062,-40.06812286376953,-1.5989046096801758,-5.648860454559326,-37.65299987792969,-5.778049468994141,-7.494976043701172,-37.75796890258789,-4.883861541748047,-7.207249641418457,-37.943885803222656,5.382504463195801,-2.1829826831817627,-37.87773895263672,5.932502746582031,-1.8266301155090332,-37.75369644165039,-7.312636375427246,-8.302925109863281,-38.12744140625,-3.013871431350708,-7.697986125946045,-45.99956130981445,4.063094139099121,-4.697734355926514,-46.725860595703125,-4.181955337524414,-8.180615425109863,-45.3143310546875,3.5459718704223633,-4.909116268157959,-47.03117370605469,5.157822608947754,-3.540360689163208,-45.119503021240234,4.807725429534912,-3.9266791343688965,-45.51154708862305,5.870443344116211,-2.711988687515259,-40.25902557373047,5.183624267578125,-3.57246470451355,-44.098995208740234,-5.348783016204834,-8.376184463500977,-44.68622589111328,-3.7508249282836914,-7.069636821746826,-38.302406311035156,-7.77048397064209,-9.316832542419434,-42.03234100341797,-7.475427627563477,-8.726696014404297,-39.05887985229492,-6.383899211883545,-8.93871784210205,-43.69375228881836,-5.295876502990723,-8.557887077331543,-44.128807067871094,1.0850512981414795,-4.894131183624268,-38.3804817199707,-7.194683074951172,-9.21224594116211,-42.93132781982422,4.119060039520264,-3.4584052562713623,-38.388023376464844,5.938967227935791,-2.1575767993927,-38.780357360839844,-1.341935157775879,-6.933071136474609,-46.25480270385742,5.355672359466553,-3.4104628562927246,-42.64598083496094,4.091342449188232,-4.600348949432373,-46.07291030883789,2.086129903793335,-4.202023983001709,-38.175750732421875,5.000398635864258,-2.9164652824401855,-38.22102355957031,-7.822933673858643,-9.176702499389648,-40.39813995361328,-6.5062689781188965,-8.342453956604004,-38.78082275390625,5.858461380004883,-2.3253393173217773,-38.11626052856445,0.39400625228881836,-5.069508075714111,-38.29257583618164,-7.2257304191589355,-8.907607078552246,-39.81251525878906,0.6244427561759949,-6.321435451507568,-46.5621223449707,-6.17522668838501,-8.9763822555542,-42.789024353027344,-7.50517463684082,-9.225811958312988,-41.21319580078125,5.434248447418213,-3.347377061843872,-41.0772590637207,-5.182862758636475,-7.989865779876709,-39.04335403442383,2.8955578804016113,-3.9832117557525635,-38.33010482788086,5.295209884643555,-3.5392959117889404,-41.73160934448242,-1.8454477787017822,-7.320432662963867,-45.72722625732422,-0.6225662231445312,-6.81072473526001,-46.01543426513672,2.197280168533325,-5.613391876220703,-46.847084045410156,4.170038223266602,-4.648798942565918,-45.36964797973633,-3.0927534103393555,-7.93059778213501,-45.372413635253906,4.834251880645752,-4.06389045715332,-43.945037841796875,-5.44111442565918,-8.747037887573242,-43.03705978393555,-2.3394269943237305,-6.5122389793396,-38.19656753540039,-6.913745880126953,-9.166268348693848,-41.84865188598633,-4.275727272033691,-7.576401710510254,-38.86799240112305,-0.7895662188529968,-5.929522514343262,-38.35655212402344,-4.8353424072265625,-8.541074752807617,-43.6338996887207,5.705139636993408,-2.9543490409851074,-39.54233932495117,4.6629815101623535,-4.098442077636719,-43.3565559387207,-6.54121732711792,-8.847116470336914,-40.27473068237305,-6.096975326538086,-8.552778244018555,-39.75929260253906,-4.083462715148926,-8.298773765563965,-43.98747634887695,5.376219749450684,-2.9307684898376465,-39.13858413696289,-2.322345733642578,-7.595755100250244,-45.0704345703125,-0.8844722509384155,-6.842003345489502,-45.404239654541016,-6.621150016784668,-8.996155738830566,-40.962745666503906,-1.2392628192901611,-7.299294948577881,-44.481109619140625,0.96775883436203,-6.4061598777771,-46.09247970581055,-3.1860313415527344,-8.003061294555664,-44.47166442871094,4.989192008972168,-3.235342264175415,-38.6540641784668,-5.921378135681152,-8.932472229003906,-41.895015716552734,3.1225779056549072,-5.356431007385254,-46.38835144042969,4.967386245727539,-4.0045671463012695,-42.21503448486328,-3.852879524230957,-8.28619384765625,-43.56440353393555,-0.2830711305141449,-6.902336597442627,-44.88840103149414,4.067054748535156,-4.76729679107666,-44.68190383911133,-5.129945278167725,-8.35636043548584,-40.07292556762695,-5.53704833984375,-8.73029613494873,-41.32738494873047,-4.972762584686279,-8.624228477478027,-42.49481964111328,3.9616546630859375,-3.9211461544036865,-38.835960388183594,5.409154415130615,-3.382812023162842,-40.29115295410156,2.2006120681762695,-5.719891548156738,-45.947086334228516,0.7309824824333191,-6.537993907928467,-45.30879592895508,-5.59819221496582,-8.635397911071777,-40.676109313964844,-2.2588233947753906,-6.877939224243164,-38.77532958984375,0.3861925005912781,-5.74505090713501,-39.00301742553711,-3.9716172218322754,-8.319803237915039,-42.50261688232422,-4.0469183921813965,-8.085387229919434,-40.34345626831055,-3.588602066040039,-7.603055477142334,-39.41537857055664,3.360821485519409,-5.262646675109863,-45.550418853759766,2.2426388263702393,-4.624395847320557,-38.66569137573242,4.437273979187012,-4.473021984100342,-42.852874755859375,-2.2177951335906982,-7.760529518127441,-43.9294319152832,4.233607292175293,-4.662662506103516,-43.92178726196289,-4.630068302154541,-8.387603759765625,-40.87415313720703,-4.209304332733154,-8.40948486328125,-42.03443908691406,4.564486980438232,-3.794628858566284,-39.429718017578125,1.1195361614227295,-6.323251247406006,-45.587493896484375,5.1146240234375,-3.5970239639282227,-39.91663360595703,-0.36279746890068054,-7.072145938873291,-44.10569381713867,-3.081224203109741,-8.07474136352539,-43.11255645751953,-4.676987648010254,-8.494312286376953,-41.547882080078125,2.1966466903686523,-5.897047519683838,-45.34272766113281,3.0258820056915283,-4.6264824867248535,-39.24028396606445,0.47018253803253174,-6.74843168258667,-44.61683654785156,1.4835726022720337,-5.31588888168335,-39.09413146972656,4.5900421142578125,-4.330684661865234,-42.11359405517578,4.835590362548828,-4.047955513000488,-41.209625244140625,-2.6039867401123047,-7.356393337249756,-39.52189254760742,0.03290916234254837,-6.29129695892334,-39.60173797607422,-2.890669584274292,-7.979092121124268,-42.14509582519531,3.4369382858276367,-5.3653244972229,-44.06312561035156,-3.0521206855773926,-7.719759464263916,-40.24359893798828,2.722015619277954,-5.796630382537842,-44.2393798828125,-1.8328777551651,-6.9558939933776855,-39.22206115722656,-0.9737487435340881,-6.667778968811035,-39.392333984375,2.0607261657714844,-5.308626174926758,-39.508766174316406,4.731104850769043,-4.038629531860352,-40.291622161865234,-2.453503131866455,-7.8616743087768555,-42.73281478881836,-3.383051872253418,-8.051217079162598,-41.27266311645508,2.112664222717285,-6.061840534210205,-44.71761703491211,3.749743700027466,-5.118630409240723,-43.25407791137695,3.936049222946167,-4.407951831817627,-39.76824188232422,-1.5083996057510376,-7.546999931335449,-43.3406867980957,1.3344041109085083,-6.4624223709106445,-44.29876708984375,-0.6287506222724915,-7.228603363037109,-43.16654968261719,-2.441518545150757,-7.702345848083496,-41.00535202026367,-2.137383460998535,-7.419543266296387,-40.18284225463867,3.9422779083251953,-4.920214653015137,-41.986637115478516,4.180616855621338,-4.651686668395996,-41.24613952636719,-2.1133086681365967,-7.73274564743042,-42.211280822753906,2.9232258796691895,-5.073634147644043,-40.01081085205078,1.041677474975586,-5.975774765014648,-39.833404541015625,-0.9400602579116821,-6.962674140930176,-40.239009857177734,3.8464908599853516,-4.746938705444336,-40.497535705566406,0.7522969245910645,-6.736386299133301,-43.59135437011719,1.3633042573928833,-6.511098384857178,-43.47256088256836,3.3731369972229004,-5.414620399475098,-42.92182922363281,1.9858587980270386,-6.227732181549072,-43.5971794128418,-1.0651766061782837,-7.326199054718018,-42.05104446411133,-1.3628414869308472,-7.289895534515381,-41.02939987182617,2.128851890563965,-5.775464057922363,-40.785640716552734,0.0009000934660434723,-7.015775680541992,-42.95216369628906,-0.36259663105010986,-7.011226654052734,-41.54433059692383,0.45168793201446533,-6.480553150177002,-40.46829605102539,3.044924020767212,-5.3887152671813965,-41.136085510253906,1.117240309715271,-6.310395240783691,-40.9344482421875,2.4828991889953613,-5.978611469268799,-42.94806671142578,0.17995283007621765,-6.734500408172607,-41.10201644897461,0.5481178164482117,-6.806429386138916,-42.376930236816406,2.721721887588501,-5.766732215881348,-42.10923385620117,1.6551753282546997,-6.339779853820801,-42.32914733886719
