1490011070.7204158_8125.png,3.6572132110595703,-5.7943315505981445,-43.20555877685547,2.679625988006592,-6.443421840667725,-43.952842712402344,3.1916117668151855,-4.965385437011719,-44.50413131713867,3.2041516304016113,-6.633908748626709,-42.963218688964844,2.338114023208618,-5.943181991577148,-44.767234802246094,1.5780929327011108,-6.375160217285156,-45.31680679321289,1.7138748168945312,-7.169329643249512,-44.47163391113281,1.0092436075210571,-7.0597615242004395,-45.336456298828125,2.0033931732177734,-5.657497406005859,-45.34381866455078,3.967728853225708,-4.866517066955566,-43.547245025634766,2.1664958000183105,-7.407680511474609,-43.61810302734375,4.162269592285156,-3.9171979427337646,-43.83298110961914,0.9745965600013733,-6.613992691040039,-45.68404006958008,2.4849984645843506,-4.262678623199463,-45.52849578857422,4.349635601043701,-5.096087455749512,-42.744930267333984,2.268963098526001,-7.875006198883057,-42.770042419433594,0.9985603094100952,-7.925938606262207,-44.514190673828125,3.342406749725342,-3.778005361557007,-44.85348129272461,1.1765797138214111,-5.268068790435791,-46.315399169921875,1.5919867753982544,-5.309218883514404,-45.92423629760742,1.8438996076583862,-4.625518321990967,-46.0108642578125,4.217057228088379,-6.107252597808838,-41.742942810058594,1.1478047370910645,-8.349790573120117,-43.85456466674805,0.5510569214820862,-5.806602954864502,-46.544673919677734,4.9556355476379395,-4.836600303649902,-41.85348129272461,2.9301743507385254,-7.654721260070801,-41.844093322753906,4.776848793029785,-4.023272514343262,-42.88473892211914,0.024360954761505127,-7.538217067718506,-45.705352783203125,-0.05472739040851593,-7.200317859649658,-46.060279846191406,-0.10317497700452805,-6.673104763031006,-46.48919677734375,4.428252220153809,-3.114060878753662,-43.83958435058594,0.22207048535346985,-8.353341102600098,-44.78307342529297,4.074682235717773,-6.684952735900879,-40.98448181152344,1.2619011402130127,-8.757352828979492,-43.13844299316406,2.704852819442749,-3.4273147583007812,-45.549808502197266,3.707050323486328,-2.908541440963745,-44.715248107910156,-0.24406513571739197,-8.032148361206055,-45.39666748046875,0.5076296329498291,-5.242576599121094,-46.825775146484375,5.648536205291748,-3.4418466091156006,-41.95621109008789,1.2977558374404907,-4.351322174072266,-46.577293395996094,1.4122503995895386,-3.7414653301239014,-46.65119552612305,2.2640140056610107,-8.323831558227539,-41.864322662353516,-0.28345662355422974,-8.97857666015625,-44.54840850830078,0.3761039078235626,-9.180389404296875,-43.71345901489258,5.532354354858398,-2.562687635421753,-42.604393005371094,0.6870588064193726,-4.727294445037842,-46.91579818725586,-0.47426241636276245,-8.483670234680176,-45.211917877197266,-0.5169239044189453,-7.2824482917785645,-46.165992736816406,5.6115899085998535,-4.89808464050293,-40.60558319091797,6.047855377197266,-3.8813953399658203,-40.99198532104492,-0.02597355842590332,-5.898684501647949,-46.83979415893555,3.696016550064087,-7.105515956878662,-40.828338623046875,4.2344136238098145,-1.941535234451294,-44.2852783203125,1.6634538173675537,-8.825971603393555,-42.16028594970703,0.8212022185325623,-9.268932342529297,-42.87810134887695,6.391000270843506,-2.891148090362549,-41.300724029541016,2.196035861968994,-3.0627284049987793,-46.06865692138672,4.862273693084717,-6.011181831359863,-40.320960998535156,4.7787933349609375,-2.346041202545166,-43.59651184082031,-0.5625385046005249,-7.827103137969971,-45.8745231628418,3.2129948139190674,-2.309913396835327,-45.27385711669922,-0.8888868093490601,-6.214991092681885,-47.1729736328125,-0.13608914613723755,-5.604732036590576,-47.141693115234375,6.396578311920166,-1.9362131357192993,-41.82936477661133,-0.5725198984146118,-9.65577220916748,-44.0755500793457,0.2800886631011963,-9.794424057006836,-42.9376220703125,-0.7710772156715393,-7.248743534088135,-46.391597747802734,5.6980085372924805,-1.4761087894439697,-42.766700744628906,5.640040874481201,-5.594648838043213,-39.400455474853516,6.504395008087158,-4.250418663024902,-39.80192565917969,7.190708637237549,-2.7366161346435547,-40.20891189575195,7.089071750640869,-1.8415802717208862,-40.954463958740234,0.049048811197280884,-4.651089668273926,-47.415889739990234,0.4622536301612854,-3.9870502948760986,-47.274723052978516,2.6971240043640137,-2.2422776222229004,-45.732540130615234,-0.905383825302124,-10.216151237487793,-43.82861328125,-0.6248160600662231,-5.794537544250488,-47.280452728271484,7.5452046394348145,-3.0490517616271973,-39.292030334472656,-1.107611060142517,-9.126298904418945,-44.951759338378906,4.947013854980469,-1.336759328842163,-43.55619812011719,-1.1766327619552612,-8.299898147583008,-45.67000961303711,-1.3914059400558472,-7.991901874542236,-46.02042770385742,1.066710114479065,-9.450437545776367,-41.88360595703125,-1.5888582468032837,-7.467501640319824,-46.4460334777832,-0.22445237636566162,-4.033479690551758,-47.85639572143555,-0.7115145325660706,-4.86423397064209,-47.93101119995117,6.912085056304932,-4.310387134552002,-38.86488723754883,3.1733133792877197,-7.707363128662109,-40.833106994628906,-0.05970117449760437,-10.195127487182617,-42.5634651184082,7.999439239501953,-0.9368029236793518,-40.05885314941406,3.6544759273529053,-1.1296342611312866,-44.8134651184082,0.2873569130897522,-3.335801362991333,-47.55918502807617,1.3111168146133423,-3.017835855484009,-46.829498291015625,-1.042107105255127,-5.3484883308410645,-47.774288177490234,4.255056381225586,-6.88434362411499,-39.84651184082031,-1.1519218683242798,-6.519122123718262,-47.09151077270508,6.8701863288879395,-0.750546932220459,-41.64812088012695,8.21927261352539,-2.3876631259918213,-38.682254791259766,4.606741428375244,-6.626799583435059,-39.01414489746094,6.222830772399902,-5.323710918426514,-38.45276641845703,2.228468179702759,-8.557907104492188,-40.67448425292969,8.179290771484375,-1.5230132341384888,-39.48796844482422,-1.1228721141815186,-10.68797779083252,-43.43622970581055,0.49300000071525574,-9.913753509521484,-41.48174285888672,-1.643941879272461,-10.015893936157227,-44.37032699584961,-0.6658424735069275,-4.320322513580322,-48.10929870605469,7.712987422943115,-3.504970073699951,-38.31264877319336,7.680383205413818,-0.47543400526046753,-40.64570617675781,1.3790751695632935,-9.231172561645508,-40.99010467529297,-1.390183687210083,-10.263343811035156,-43.85151672363281,-1.8271268606185913,-9.192991256713867,-45.043609619140625,1.9082026481628418,-1.774817705154419,-46.280094146728516,5.900667667388916,-0.625796914100647,-42.70128631591797,-0.7707506418228149,-10.71074104309082,-42.65925598144531,-1.9819122552871704,-8.491520881652832,-45.61011505126953,4.54622220993042,-0.7175906896591187,-43.86341094970703,3.016718626022339,-1.2487974166870117,-45.321189880371094,8.8403959274292,-0.467944860458374,-39.019161224365234,3.1022555828094482,-7.826712131500244,-40.02302932739258,9.06251049041748,-1.4985225200653076,-37.89799499511719,-1.5255098342895508,-5.7029314041137695,-47.754451751708984,-1.0783789157867432,-4.688818454742432,-48.13796615600586,-1.297220230102539,-4.286813259124756,-48.468692779541016,5.312128067016602,-6.160951137542725,-38.35669708251953,-2.1868510246276855,-7.7036004066467285,-46.2377815246582,-1.8894628286361694,-6.052152633666992,-47.45291519165039,0.3777455985546112,-2.634115219116211,-47.50865173339844,1.2649341821670532,-2.090888500213623,-46.78350067138672,6.8226189613342285,-4.847664833068848,-37.77055740356445,8.688929557800293,-2.6316840648651123,-37.232276916503906,2.67931866645813,-8.159109115600586,-39.841670989990234,3.350221872329712,-7.542197227478027,-39.22957229614258,-2.002473831176758,-6.746368885040283,-46.923980712890625,-1.7111655473709106,-4.920669078826904,-48.34971237182617,-0.8022009134292603,-3.2897403240203857,-48.416133880615234,7.377574443817139,0.344496488571167,-41.203941345214844,6.8072357177734375,-0.032826006412506104,-41.82196807861328,-1.791390061378479,-10.670921325683594,-43.60586929321289,5.262448310852051,-0.23898601531982422,-43.19720458984375,7.773046970367432,-3.825263500213623,-37.444244384765625,9.532570838928223,-0.6664375066757202,-37.684974670410156,-1.5085256099700928,-11.038167953491211,-43.171546936035156,-2.1699841022491455,-9.90658950805664,-44.48384475708008,5.806576251983643,0.34868502616882324,-42.7321662902832,2.2722017765045166,-1.2278554439544678,-45.886959075927734,3.9479446411132812,-7.170751571655273,-39.356231689453125,-0.23828954994678497,-10.450103759765625,-41.207420349121094,-1.389892578125,-3.7562904357910156,-48.75944137573242,8.409880638122559,0.35592734813690186,-39.91197204589844,-2.370237350463867,-5.6378865242004395,-47.86711883544922,-1.8408458232879639,-4.1384148597717285,-48.868961334228516,-0.41440820693969727,-2.7940220832824707,-48.09265899658203,-1.7055658102035522,-11.492929458618164,-42.521690368652344,8.314833641052246,-3.3940162658691406,-36.59247589111328,9.42245101928711,-1.709093451499939,-36.78977966308594,2.212286949157715,-8.53265380859375,-40.03731918334961,4.02079439163208,-0.24904420971870422,-44.29497528076172,6.490844249725342,0.9502744674682617,-42.07577896118164,-2.32144832611084,-8.98434066772461,-45.18566131591797,6.087182998657227,-5.595996379852295,-37.56337356567383,1.007133960723877,-1.3907424211502075,-46.756675720214844,-2.6899826526641846,-6.924434185028076,-46.66410446166992,1.511596441268921,-1.4481078386306763,-46.43158721923828,-0.9759544730186462,-11.021871566772461,-41.84555435180664,1.752817153930664,-8.829062461853027,-39.98875045776367,7.068211078643799,-4.802563667297363,-36.488162994384766,-2.412733793258667,-10.25506591796875,-44.15331268310547,-2.649386405944824,-11.469535827636719,-43.03795623779297,-1.489286184310913,-11.400794982910156,-41.956722259521484,-2.1696419715881348,-10.843085289001465,-43.6008415222168,-2.429412841796875,-4.962991237640381,-48.47934341430664,9.723617553710938,0.9282649755477905,-38.23448944091797,7.924342155456543,1.1012717485427856,-40.62210464477539,9.886204719543457,-1.2634493112564087,-36.35462188720703,3.8952722549438477,-7.124155044555664,-38.49250030517578,-2.647050619125366,-6.130151271820068,-47.34615707397461,9.237579345703125,1.7721976041793823,-39.160396575927734,-1.516146183013916,-2.8966457843780518,-48.8540153503418,-1.8687450885772705,-3.5866386890411377,-49.121028900146484,0.0632089376449585,-1.7969791889190674,-47.58083724975586,0.5399131178855896,-1.6476250886917114,-47.14647674560547,7.476675033569336,-4.429071426391602,-36.2822380065918,8.028982162475586,-3.84609317779541,-36.09054946899414,-2.3937020301818848,-11.76129150390625,-42.73383712768555,-2.7494475841522217,-8.54103946685791,-45.296871185302734,-2.686310052871704,-8.057686805725098,-45.792484283447266,1.195610761642456,-9.334956169128418,-40.368797302246094,-1.0543644428253174,-2.736710786819458,-48.49287796020508,-2.765552282333374,-10.719968795776367,-43.69766616821289,-2.75724458694458,-9.337300300598145,-44.79341506958008,9.160444259643555,-2.715608835220337,-35.62157440185547,10.325809478759766,0.25555533170700073,-36.676490783691406,7.242230415344238,1.2447044849395752,-41.36213302612305,0.11394520103931427,-9.94809627532959,-40.710453033447266,-2.7551846504211426,-11.153008460998535,-43.26272201538086,-2.779538154602051,-3.616240978240967,-49.52802658081055,7.565624713897705,1.7105592489242554,-41.008121490478516,5.4801435470581055,-6.023673057556152,-37.41021728515625,6.142358779907227,-5.528896808624268,-36.779693603515625,-2.9205257892608643,-6.367306709289551,-46.8199348449707,8.568936347961426,2.312875986099243,-39.99473571777344,-2.9278056621551514,-4.353912353515625,-48.98768615722656,0.5318957567214966,-9.713990211486816,-40.31998062133789,5.0791144371032715,0.36786019802093506,-43.199649810791016,10.555381774902344,-0.7365467548370361,-35.23102569580078,4.44155216217041,-6.735165596008301,-37.91855239868164,4.349252700805664,0.57696533203125,-43.64031219482422,-1.9163639545440674,-11.852498054504395,-41.933998107910156,2.5866034030914307,-8.12696361541748,-39.20127868652344,-3.130953550338745,-5.4290995597839355,-47.9517707824707,-2.3349316120147705,-3.486640214920044,-49.32400894165039,-2.3252968788146973,-2.9065492153167725,-49.458595275878906,-1.7293367385864258,-3.0586423873901367,-49.15139389038086,1.9648810625076294,-0.15818926692008972,-45.584205627441406,-2.491229772567749,-12.160846710205078,-42.05147171020508,9.989006996154785,-1.8448976278305054,-35.18984603881836,-3.0835583209991455,-9.759111404418945,-44.35689926147461,-0.747416615486145,-1.9509570598602295,-48.072574615478516,2.6067235469818115,-0.27890002727508545,-45.24001693725586,3.4560208320617676,0.37739986181259155,-44.46702194213867,5.826925277709961,1.2134394645690918,-42.507022857666016,-2.997530937194824,-7.4390950202941895,-46.12489700317383,9.827888488769531,2.234616756439209,-38.44846725463867,-3.0508790016174316,-12.022998809814453,-42.55561828613281,-0.9048126935958862,-10.909171104431152,-40.98259353637695,8.409306526184082,-3.698728561401367,-34.96522521972656,1.1861282587051392,-9.160391807556152,-39.6812629699707,-1.184462547302246,-2.0758633613586426,-48.459800720214844,10.396644592285156,2.115086078643799,-37.39353561401367,5.143497943878174,-6.192286491394043,-37.023921966552734,6.626339435577393,-5.14271879196167,-35.93388366699219,6.9250288009643555,2.0425071716308594,-41.4812126159668,1.293412208557129,-0.46592724323272705,-46.11211013793945,-3.4451045989990234,-10.414546012878418,-43.711185455322266,7.890658378601074,2.541339635848999,-40.65491485595703,-1.7005360126495361,-11.365365028381348,-41.1568489074707,-3.037234306335449,-8.908160209655762,-44.93896484375,-1.9289823770523071,-2.171699285507202,-48.93706512451172,0.4511110186576843,-0.988459587097168,-46.8228759765625,10.613017082214355,0.9760779738426208,-36.28306198120117,2.733008861541748,-7.823034286499023,-38.533851623535156,5.8447794914245605,-5.5556488037109375,-36.00019073486328,-0.40964511036872864,-10.339268684387207,-40.565765380859375,10.398846626281738,-1.8489068746566772,-34.167972564697266,5.053075790405273,1.164880394935608,-43.00126266479492,3.4871532917022705,-7.199946880340576,-38.032161712646484,7.546665191650391,-4.401473522186279,-35.17620849609375,-2.3628883361816406,-12.201319694519043,-41.52007293701172,-2.996272325515747,-2.824747323989868,-49.879066467285156,6.402934551239014,2.31105637550354,-41.742305755615234,9.359386444091797,-2.853281259536743,-34.37566375732422,-3.186041831970215,-11.553973197937012,-42.809730529785156,10.849675178527832,0.31545400619506836,-34.852020263671875,-3.6460719108581543,-3.837613105773926,-49.39405822753906,9.775206565856934,-2.612077236175537,-33.5894775390625,1.9896478652954102,-8.414192199707031,-39.03547286987305,9.062164306640625,2.959573745727539,-39.496028900146484,6.074256420135498,1.9728385210037231,-42.021575927734375,-3.5445048809051514,-4.6742024421691895,-48.634300231933594,-3.1948492527008057,-6.816277980804443,-46.42936706542969,-0.13700860738754272,-0.8764175176620483,-47.09846115112305,2.779587745666504,0.5869997143745422,-44.71163558959961,-3.193361520767212,-6.136752605438232,-46.99020767211914,0.2901350259780884,-9.70749282836914,-39.92102813720703,10.933686256408691,-0.903618335723877,-33.68198776245117,10.249547004699707,3.2092642784118652,-37.9868049621582,10.778534889221191,1.8208482265472412,-35.89684295654297,-1.0415229797363281,-1.1681959629058838,-47.85205078125,9.490127563476562,3.691188097000122,-39.06781005859375,7.148282527923584,-4.73657751083374,-35.42835235595703,-0.9880704283714294,-10.53459358215332,-40.12483215332031,-2.825732707977295,-2.4792826175689697,-49.52972412109375,3.851964235305786,-6.918181896209717,-37.33961486816406,-0.4053901135921478,-9.913235664367676,-40.136932373046875,-2.715615749359131,-1.9062840938568115,-49.25492858886719,0.5373650193214417,-0.47460129857063293,-46.45266342163086,4.582156658172607,-6.425905704498291,-36.81889724731445,7.3714447021484375,2.9911818504333496,-40.966983795166016,-1.9710838794708252,-1.5203889608383179,-48.57146453857422,-3.291602849960327,-2.543654441833496,-50.01625442504883,-0.7941474318504333,-0.9563184380531311,-47.37340545654297,-3.548630475997925,-6.334378719329834,-46.43858337402344,-3.609926700592041,-5.823793411254883,-47.19529342651367,-3.480721950531006,-9.773616790771484,-44.1995964050293,-3.4928336143493652,-7.47477912902832,-45.75960922241211,3.8510890007019043,1.2036747932434082,-43.714141845703125,-3.3605823516845703,-12.691052436828613,-41.55959701538086,-3.852299213409424,-3.3709516525268555,-49.8231201171875,-1.4617280960083008,-11.13823413848877,-40.6763916015625,10.549283981323242,-2.0048828125,-33.123992919921875,10.932449340820312,-1.4118106365203857,-32.96086883544922,-3.3229172229766846,-12.20593547821045,-42.547698974609375,-2.1010148525238037,-11.446533203125,-40.498477935791016,10.718403816223145,2.5707013607025146,-36.618099212646484,5.452653884887695,-5.835711479187012,-36.03416061401367,8.78370475769043,-3.398167371749878,-34.02031707763672,0.9535584449768066,-9.036630630493164,-39.12469482421875,1.958031177520752,0.7627658843994141,-44.9492073059082,10.924507141113281,0.09813821315765381,-33.96014404296875,-3.4797229766845703,-12.630240440368652,-42.04544448852539,-3.865492582321167,-12.217558860778809,-42.36141586303711,-3.5944840908050537,-6.978490829467773,-46.059654235839844,-3.674862861633301,-9.105088233947754,-44.46384811401367,-3.7643887996673584,-5.04222297668457,-48.0450553894043,-3.9860434532165527,-2.985755443572998,-50.16550827026367,4.2869157791137695,1.7762044668197632,-43.075923919677734,5.2484235763549805,1.9651422500610352,-42.525047302246094,8.193574905395508,4.066046714782715,-40.1718864440918,-3.7185885906219482,-11.012928009033203,-43.051082611083984,-2.665944814682007,-12.067185401916504,-40.923667907714844,8.748373985290527,3.964217185974121,-39.75966262817383,-2.701274871826172,-12.185263633728027,-41.21051025390625,-4.211399078369141,-4.021873950958252,-49.02681350708008,0.2786926031112671,-9.52631950378418,-39.67395782470703,2.513378381729126,-7.6841301918029785,-37.83805465698242,-3.601969003677368,-8.630268096923828,-44.882408142089844,10.863876342773438,1.7327463626861572,-34.947696685791016,-3.6063919067382812,-7.667078018188477,-45.425113677978516,-4.085483074188232,-4.6093950271606445,-48.33638381958008,6.725867748260498,-4.94543981552124,-34.93988037109375,9.564522743225098,-2.824875831604004,-33.025047302246094,-3.7748141288757324,-5.3389482498168945,-47.620357513427734,6.08353853225708,-5.27183723449707,-35.14191436767578,7.8283514976501465,-4.1299848556518555,-34.4171028137207,-3.6779510974884033,-8.221165657043457,-44.88279342651367,1.6737775802612305,-8.309816360473633,-38.53551483154297,2.0599024295806885,-7.947014808654785,-37.856834411621094,10.681476593017578,3.821338176727295,-37.019012451171875,-3.6940016746520996,-11.530067443847656,-42.55245590209961,3.01546311378479,-7.218481540679932,-37.512306213378906,1.3545918464660645,0.5147314071655273,-45.37821960449219,-3.9440970420837402,-13.062140464782715,-41.41813659667969,4.957644462585449,-5.958696365356445,-35.831485748291016,-3.8172097206115723,-10.197731018066406,-43.56148147583008,10.837116241455078,-1.873337984085083,-32.21588897705078,-3.3620457649230957,-12.791830062866211,-41.000892639160156,-1.68145751953125,-11.099446296691895,-40.291954040527344,7.377142429351807,4.019543170928955,-40.61444091796875,0.12160958349704742,-9.566728591918945,-39.2324104309082,-0.64747154712677,-0.5444474220275879,-47.01442337036133,3.194352865219116,1.4106721878051758,-44.022987365722656,10.223663330078125,4.097088813781738,-38.10334014892578,-4.233330726623535,-3.6158251762390137,-49.33613586425781,4.717790126800537,-6.164213180541992,-36.11665725708008,6.690855979919434,3.2774252891540527,-41.24714279174805,-3.8323450088500977,-9.654908180236816,-43.840431213378906,-0.736325204372406,-9.816682815551758,-39.595306396484375,-3.6718358993530273,-1.9893724918365479,-50.07823181152344,4.178386688232422,-6.473103046417236,-36.56403732299805,-3.725433111190796,-1.7132046222686768,-49.30641555786133,9.955292701721191,4.995272636413574,-38.491058349609375,9.2621488571167,4.6769609451293945,-39.16380310058594,10.90243148803711,1.420854091644287,-34.004905700683594,3.4563233852386475,-6.934147357940674,-37.0262565612793,-3.696044445037842,-6.072286128997803,-46.67850112915039,-3.63384747505188,-6.133413314819336,-46.31171417236328,5.935488224029541,3.1524312496185303,-41.66693115234375,11.075355529785156,-0.4367600679397583,-32.83945083618164,10.789678573608398,2.88783597946167,-35.81406021118164,10.83942699432373,0.933281660079956,-33.512290954589844,-1.578148603439331,-0.735115110874176,-47.65159606933594,0.25348371267318726,0.031361475586891174,-46.07218551635742,6.976060390472412,-4.562232971191406,-34.121028900146484,-3.7275352478027344,-9.291680335998535,-44.18537902832031,-4.633029460906982,-2.8904435634613037,-50.132972717285156,-4.237812042236328,-4.104389190673828,-48.658653259277344,10.157974243164062,-2.349130153656006,-32.01698303222656,-4.34736442565918,-2.205244541168213,-50.59098434448242,-4.082932472229004,-11.070086479187012,-42.5440559387207,10.733592987060547,2.193549633026123,-35.48885726928711,-3.6706063747406006,-12.427806854248047,-41.38779830932617,-3.0656204223632812,-1.3578307628631592,-48.923484802246094,10.477824211120605,4.537074565887451,-37.29582977294922,0.8329607248306274,-8.714405059814453,-38.477630615234375,7.478255748748779,-4.175896167755127,-33.60329818725586,8.25191879272461,-3.6872477531433105,-33.460838317871094,2.6421737670898438,1.3427996635437012,-44.20474624633789,-3.555584669113159,-12.28307056427002,-40.93996810913086,5.37328577041626,-5.511214256286621,-35.27458572387695,-4.128570556640625,-11.8339262008667,-41.82706069946289,5.394980430603027,2.967799663543701,-41.858394622802734,-3.9808783531188965,-10.668401718139648,-43.007286071777344,11.151941299438477,-1.3368719816207886,-31.676328659057617,-3.921638011932373,-5.2408294677734375,-47.39719772338867,2.0836150646209717,1.2372863292694092,-44.495445251464844,-3.776003837585449,-6.5275421142578125,-46.03573226928711,-4.420213222503662,-3.3186709880828857,-49.6251335144043,-3.7883682250976562,-5.734981536865234,-46.80982971191406,10.817169189453125,-2.002866744995117,-31.188369750976562,-3.8364522457122803,-7.679201602935791,-45.083290100097656,-1.2032630443572998,-0.28110140562057495,-46.84515380859375,10.25415325164795,5.101128578186035,-37.92913818359375,-3.8911850452423096,-7.054465293884277,-45.61045455932617,5.0204386711120605,2.721513032913208,-42.19352340698242,-3.9953529834747314,-8.520355224609375,-44.301597595214844,8.877677917480469,-3.2655961513519287,-32.872928619384766,11.18277359008789,-0.8162723779678345,-31.92995834350586,3.5666110515594482,1.8583797216415405,-43.43272399902344,4.434689521789551,2.20550537109375,-42.63218307495117,-4.144288539886475,-4.2860236167907715,-48.27206039428711,10.672516822814941,3.6638236045837402,-35.68703842163086,8.485605239868164,4.933846473693848,-39.64580535888672,-2.586745500564575,-11.344964027404785,-40.227413177490234,-4.823439598083496,-2.144651412963867,-50.66268539428711,-2.189399242401123,-0.7134791612625122,-47.891563415527344,-2.5925774574279785,-1.0389926433563232,-48.41334915161133,-3.9379191398620605,-12.078384399414062,-41.374019622802734,-4.238241672515869,-1.720599889755249,-50.23643112182617,1.2969400882720947,-8.097809791564941,-37.95100021362305,2.665191173553467,-7.142014503479004,-37.00328826904297,9.438188552856445,5.474451065063477,-38.82477951049805,4.136859893798828,-6.243465900421143,-35.94318389892578,-2.047208547592163,-10.839202880859375,-39.98667526245117,-4.1629767417907715,-9.755938529968262,-43.516387939453125,11.12389087677002,-1.6396609544754028,-30.832666397094727,-4.215516090393066,-11.447707176208496,-41.9842414855957,-4.133303165435791,-9.093097686767578,-43.864131927490234,-3.9918391704559326,-8.0512056350708,-44.608394622802734,-0.7948360443115234,-9.580876350402832,-39.19694519042969,3.674164295196533,-6.555792331695557,-36.45155334472656,-4.097377300262451,-5.423313617706299,-46.89593505859375,-3.9742937088012695,-5.8382415771484375,-46.52973175048828,-4.628329753875732,-3.208859443664551,-49.01723861694336,-4.240172386169434,-4.7671403884887695,-47.80827331542969,10.616998672485352,2.626067638397217,-34.51480484008789,7.82016134262085,-3.7793242931365967,-33.02482604980469,0.33550935983657837,0.5687838196754456,-45.40380096435547,10.907310485839844,0.7162038087844849,-32.50088882446289,10.65956974029541,4.2540082931518555,-36.64391326904297,6.309690952301025,4.3756914138793945,-40.859710693359375,-4.351586818695068,-4.833775997161865,-47.38615417480469,-4.667954444885254,-3.5959248542785645,-48.85051345825195,-0.11982110142707825,-9.074548721313477,-38.668304443359375,-4.083894729614258,-6.651598930358887,-45.603782653808594,4.578610420227051,-5.869550704956055,-35.385162353515625,-4.554659843444824,-4.092648029327393,-48.12898635864258,-4.435433864593506,-4.42140531539917,-47.825523376464844,-3.681236505508423,-12.014464378356934,-40.88408660888672,-4.286784648895264,-1.6482646465301514,-49.68467330932617,4.081112384796143,2.929464817047119,-42.19918441772461,-4.180792808532715,-5.94917106628418,-45.87586212158203,3.66851544380188,2.430549383163452,-42.931968688964844,5.885364532470703,-5.136320114135742,-34.543216705322266,9.52326488494873,-2.6567635536193848,-31.840192794799805,-4.405684471130371,-4.948434352874756,-46.969024658203125,-4.30593204498291,-10.12492847442627,-42.874725341796875,-0.7194457054138184,0.025346428155899048,-46.322998046875,3.514941453933716,-6.54741096496582,-36.19268035888672,6.946958541870117,-4.249863624572754,-33.31704330444336,-4.189700126647949,-7.68261194229126,-44.577903747558594,2.822511672973633,-6.865619659423828,-36.55436325073242,10.74092960357666,2.1716954708099365,-34.115177154541016,-4.409646511077881,-2.0547423362731934,-49.74955368041992,-1.6985883712768555,-0.6012305617332458,-47.1783447265625,1.1411197185516357,1.3055919408798218,-44.554603576660156,-4.584747791290283,-3.685612916946411,-48.4627685546875,8.346435546875,-3.389516830444336,-32.28989791870117,-4.609133720397949,-2.6107726097106934,-49.61789321899414,8.969646453857422,-2.963491916656494,-31.868898391723633,-3.7990355491638184,-7.435598373413086,-44.964088439941406,0.907253623008728,-8.15020751953125,-37.820640563964844,8.767681121826172,5.499125957489014,-39.28370666503906,10.40748119354248,5.3179121017456055,-37.15560531616211,-4.3153395652771,-10.265361785888672,-42.21171188354492,7.872303009033203,5.228341579437256,-39.83346176147461,10.171735763549805,6.1713080406188965,-38.030189514160156,-1.7889795303344727,-10.016838073730469,-39.457794189453125,-4.2245025634765625,-7.333082675933838,-44.833290100097656,6.015041351318359,-4.791747093200684,-33.95719528198242,11.188405990600586,-0.1918715238571167,-31.401058197021484,-4.770429611206055,-2.6126961708068848,-49.41762161254883,10.42552375793457,-2.0311765670776367,-30.681644439697266,9.72367000579834,6.169085502624512,-38.454322814941406,10.32398509979248,5.9609761238098145,-37.633121490478516,-4.311537265777588,-10.724214553833008,-42.08153533935547,1.6564795970916748,-7.674537181854248,-37.26114273071289,2.391594409942627,1.8113099336624146,-43.85014724731445,-3.5424771308898926,-11.493432998657227,-40.6208610534668,0.045249857008457184,-8.36912727355957,-38.02430725097656,-0.00758005678653717,0.3787401616573334,-45.78900146484375,-4.301726341247559,-6.755410671234131,-45.2634391784668,3.0395514965057373,2.366393566131592,-43.22837829589844,-4.148252010345459,-11.398168563842773,-41.3436393737793,2.2041399478912354,-7.179208278656006,-36.80327606201172,10.661483764648438,2.00465726852417,-33.48698806762695,5.052986145019531,-5.341165542602539,-34.75461196899414,10.88543701171875,0.49970245361328125,-31.437938690185547,5.2581000328063965,3.9612879753112793,-41.34040832519531,-4.188077449798584,-5.566736221313477,-46.25082015991211,-2.7944133281707764,-10.755393028259277,-40.037010192871094,9.540961265563965,-2.4941399097442627,-31.225780487060547,-3.8304738998413086,-1.222403645515442,-48.641605377197266,11.140054702758789,-0.5413521528244019,-31.105745315551758,-4.495429515838623,-9.332379341125488,-43.19468307495117,-4.244380474090576,-8.372249603271484,-43.6267204284668,-4.372762203216553,-8.031625747680664,-43.82283020019531,11.056194305419922,-1.7412959337234497,-29.759963989257812,0.6525193452835083,1.0205413103103638,-44.926822662353516,10.527359962463379,4.043438911437988,-35.298126220703125,10.345553398132324,3.6888208389282227,-34.66334915161133,10.346498489379883,4.429372787475586,-35.69111633300781,7.6147541999816895,-3.6466240882873535,-32.4520149230957,10.455032348632812,4.92434024810791,-35.93276596069336,-3.0610389709472656,-0.8288050889968872,-48.015281677246094,-1.1161731481552124,-8.798791885375977,-38.65559768676758,7.1973042488098145,-3.952899932861328,-32.860904693603516,-4.8753814697265625,-2.7769250869750977,-48.63187789916992,-4.516506671905518,-4.973377227783203,-46.52421188354492,5.731994152069092,4.179474353790283,-41.11025619506836,7.116769790649414,5.156259059906006,-40.07125473022461,3.2391693592071533,-6.362247467041016,-35.9240608215332,10.934419631958008,-0.9013192653656006,-30.653823852539062,-4.595038414001465,-5.68134880065918,-45.401039123535156,-4.684635639190674,-1.9308795928955078,-49.10735321044922,-1.466178297996521,-9.25475025177002,-39.07272720336914,4.161574840545654,-5.617971897125244,-34.949005126953125,-4.225928783416748,-10.823722839355469,-41.346858978271484,-4.444159030914307,-9.527898788452148,-42.23298645019531,-4.460637092590332,-5.250405311584473,-45.63370895385742,10.343094825744629,6.063896179199219,-36.33950424194336,10.590474128723145,1.5634729862213135,-32.644046783447266,-3.9013469219207764,-10.764909744262695,-40.67506408691406,10.163100242614746,7.319023609161377,-37.68693542480469,6.037594795227051,-4.296946048736572,-33.222938537597656,1.895650863647461,-6.92055082321167,-36.474510192871094,-4.7972283363342285,-3.542837619781494,-47.432308197021484,4.460771560668945,3.6793274879455566,-41.580665588378906,10.222976684570312,6.842047214508057,-36.66618347167969,10.275214195251465,2.8201212882995605,-33.476600646972656,0.6117879748344421,-7.633031368255615,-37.26274490356445,-4.502099990844727,-1.4880646467208862,-48.85747146606445,-4.490329742431641,-7.380479335784912,-44.140445709228516,-4.533893585205078,-6.258739948272705,-44.83615493774414,-0.7464044094085693,-8.359375,-38.33212661743164,8.76522445678711,6.801187992095947,-38.67222213745117,9.78223705291748,7.022016525268555,-38.12369155883789,-4.584500312805176,-5.043595314025879,-45.95643615722656,-2.1094517707824707,-0.3732606768608093,-46.77288818359375,8.002176284790039,6.1296210289001465,-39.32735824584961,2.6129391193389893,-6.467109203338623,-35.966339111328125,8.005739212036133,-3.1545348167419434,-31.76407814025879,10.806533813476562,-1.0187044143676758,-30.013179779052734,10.255770683288574,2.1309967041015625,-32.988670349121094,-4.488661289215088,-7.77274751663208,-43.05858612060547,8.923260688781738,-2.701998472213745,-31.221668243408203,-0.7505338788032532,0.44631266593933105,-45.68675231933594,-0.1817922741174698,-7.86580753326416,-37.745330810546875,1.2963502407073975,1.6275064945220947,-44.08502960205078,3.228663444519043,-6.028924465179443,-35.484004974365234,6.332253932952881,-3.9224328994750977,-32.7839241027832,-2.8145365715026855,-9.646040916442871,-39.645450592041016,-1.3507232666015625,0.12829703092575073,-46.09233474731445,10.464263916015625,3.106828451156616,-34.097415924072266,-4.56068754196167,-8.620452880859375,-42.87591552734375,10.127335548400879,4.230299472808838,-34.48629379272461,5.02608060836792,-4.917305946350098,-34.09577941894531,7.411656856536865,5.7046027183532715,-39.705204010009766,9.734355926513672,-2.1578078269958496,-30.455717086791992,10.7145357131958,1.0765957832336426,-31.9387264251709,-4.764237403869629,-4.298081398010254,-46.235225677490234,-3.470776081085205,-0.8096672892570496,-47.34709930419922,-2.666428565979004,-0.3451801538467407,-46.578697204589844,-2.0258209705352783,-9.30970573425293,-39.1469612121582,10.122457504272461,4.415173530578613,-35.0506706237793,10.459273338317871,-1.7269448041915894,-29.87506866455078,11.990930557250977,-1.3922083377838135,-28.9968204498291,11.621380805969238,-1.5291696786880493,-28.959388732910156,10.96114444732666,-1.4159274101257324,-29.238073348999023,10.202677726745605,7.258037090301514,-36.648136138916016,11.182088851928711,-0.33872175216674805,-30.311676025390625,2.7253530025482178,2.901784896850586,-42.51228713989258,11.211824417114258,-1.2729098796844482,-29.550289154052734,9.222087860107422,6.822696208953857,-38.380584716796875,11.20124340057373,-0.6654922962188721,-29.463899612426758,11.603803634643555,-0.8413256406784058,-29.15526580810547,-4.145978927612305,-10.031375885009766,-40.98709487915039,-4.688377857208252,-1.7369813919067383,-48.45429229736328,-0.16648966073989868,0.920575737953186,-44.8814582824707,-3.840078353881836,-9.77253532409668,-40.459800720214844,-3.3652751445770264,-9.6560697555542,-39.98971939086914,1.7482320070266724,2.018819570541382,-43.48665237426758,10.24178409576416,2.0000338554382324,-32.137149810791016,6.35734748840332,5.234124660491943,-40.14460372924805,10.277508735656738,5.429568290710449,-35.61616897583008,-4.843751430511475,-2.5566439628601074,-47.6954460144043,10.684040069580078,0.34466803073883057,-30.477371215820312,5.126987457275391,4.7128729820251465,-40.66020965576172,7.911427021026611,-2.8492767810821533,-31.33363151550293,8.86552619934082,-2.336002826690674,-30.606403350830078,4.617588520050049,-4.585267543792725,-33.802276611328125,10.203288078308105,4.909630298614502,-35.246253967285156,-2.34509015083313,-8.703245162963867,-39.02859115600586,-1.8473279476165771,0.2240697145462036,-45.610206604003906,0.3467321991920471,1.3886115550994873,-44.195472717285156,3.4916813373565674,3.461425304412842,-41.69972229003906,10.039375305175781,3.9539387226104736,-34.06865692138672,10.178788185119629,6.324889183044434,-35.90920639038086,1.93062162399292,2.467961311340332,-43.00543975830078,-4.402474880218506,-8.481791496276855,-41.31667709350586,-4.666904449462891,-7.047085285186768,-43.095375061035156,-4.676053047180176,-6.2115302085876465,-44.13036346435547,9.409753799438477,7.520251274108887,-37.87434005737305,3.1674857139587402,-5.480478763580322,-34.91020965576172,6.914367198944092,-3.3769757747650146,-32.061946868896484,11.070677757263184,-0.12312209606170654,-29.98815155029297,11.118640899658203,-1.059966802597046,-29.093387603759766,-4.17925500869751,-1.349759817123413,-47.46467590332031,9.00268840789795,-2.094939947128296,-30.196788787841797,10.348231315612793,1.5005321502685547,-31.580041885375977,-4.821229457855225,-5.441003322601318,-44.50077438354492,9.988868713378906,8.099879264831543,-37.387840270996094,1.3305531740188599,-6.360006332397461,-36.06890869140625,0.2505342960357666,-7.1682329177856445,-37.03609848022461,2.463852882385254,-5.952213764190674,-35.49893569946289,-1.305041790008545,0.5112773776054382,-45.3573112487793,-4.632429599761963,-1.8520188331604004,-47.286136627197266,8.170103073120117,-2.4109857082366943,-30.804039001464844,9.552464485168457,-1.8696370124816895,-29.875778198242188,10.531665802001953,1.0134081840515137,-31.1077880859375,-4.404516220092773,-8.255782127380371,-41.9077033996582,1.0829304456710815,2.052846908569336,-43.30158615112305,9.72591495513916,-1.4984514713287354,-29.75560760498047,10.062698364257812,5.624831199645996,-35.58114242553711,-4.8187432289123535,-3.5143775939941406,-46.09223556518555,9.914895057678223,3.37935209274292,-33.274085998535156,7.6442084312438965,6.676828384399414,-38.96921157836914,-1.4603276252746582,-7.7545928955078125,-38.29338455200195,-4.075926780700684,-9.286518096923828,-40.76505661010742,-4.759840965270996,-5.038506031036377,-44.79848861694336,-0.6811527013778687,0.8963590860366821,-44.778648376464844,6.196323394775391,5.726431369781494,-39.64719772338867,9.027765274047852,7.923408508300781,-37.93602752685547,-2.3819966316223145,-0.09773886203765869,-45.80787658691406,4.573592185974121,4.348546981811523,-40.907596588134766,-4.231161117553711,-8.959163665771484,-41.17606735229492,3.344576358795166,-4.816196918487549,-34.38605499267578,5.502575397491455,-3.740142583847046,-32.78239059448242,10.59106159210205,-0.9527649879455566,-29.222396850585938,9.93590259552002,5.159457206726074,-34.85818862915039,9.979934692382812,5.641520977020264,-35.216522216796875,-4.723976135253906,-2.8498878479003906,-45.99838638305664,1.342056155204773,2.3601508140563965,-42.767208099365234,-4.843199253082275,-4.544116020202637,-44.97459030151367,3.908015012741089,4.197969913482666,-40.982574462890625,10.449420928955078,-0.5573049783706665,-29.3536434173584,8.344769477844238,-2.088916778564453,-30.476076126098633,10.389213562011719,0.06903278827667236,-29.910449981689453,9.880370140075684,2.4000635147094727,-32.49919128417969,9.790497779846191,8.112876892089844,-36.859649658203125,7.127325534820557,-2.541308879852295,-31.27561378479004,6.7888383865356445,-2.9241065979003906,-31.69405746459961,-2.962918519973755,-0.33521968126296997,-46.13965606689453,9.835319519042969,6.943380832672119,-35.77141571044922,-3.7013256549835205,-0.8644745349884033,-46.44185256958008,-0.39154765009880066,1.2434431314468384,-43.89319610595703,-3.632866144180298,-8.750083923339844,-40.09416961669922,-4.576418876647949,-2.0511608123779297,-46.25956726074219,-4.490787982940674,-7.214450836181641,-41.936058044433594,8.485228538513184,7.507406711578369,-38.2686767578125,6.469938278198242,6.285933971405029,-39.11128234863281,9.700835227966309,4.105095386505127,-33.74421691894531,9.660148620605469,5.507391929626465,-34.67063522338867,10.184652328491211,-0.9791224002838135,-29.10883331298828,9.84603214263916,6.257069110870361,-35.37907409667969,10.087549209594727,1.0886286497116089,-30.889198303222656,0.6212009191513062,1.9113659858703613,-43.13628387451172,2.6836204528808594,3.4773402214050293,-41.479740142822266,-0.8829032778739929,-7.126953125,-37.617584228515625,9.982122421264648,8.017475128173828,-36.51912307739258,4.535804748535156,-3.8157761096954346,-33.209041595458984,3.68729829788208,-4.393677711486816,-33.96087646484375,9.944077491760254,-1.1468086242675781,-29.46805191040039,5.358137130737305,5.366891384124756,-39.72138214111328,9.79420280456543,6.024539470672607,-34.98299026489258,8.020848274230957,7.495705604553223,-38.23917770385742,9.803115844726562,8.492639541625977,-37.102317810058594,-4.053099632263184,-8.41532039642334,-40.58695602416992,-4.736065864562988,-5.585977554321289,-43.31780242919922,-2.1426565647125244,0.2595973014831543,-44.917503356933594,9.550037384033203,1.9772069454193115,-31.524765014648438,-1.237472653388977,0.8249529004096985,-44.43397903442383,9.410210609436035,8.635272026062012,-37.264644622802734,4.550229549407959,4.820458889007568,-40.195213317871094,-3.155574321746826,-8.208098411560059,-39.530879974365234,2.1032931804656982,-5.154559135437012,-35.02984619140625,1.7104607820510864,2.7303619384765625,-42.34956741333008,9.140316009521484,-1.0435289144515991,-29.66310691833496,9.572502136230469,4.701144695281982,-34.327884674072266,9.512934684753418,2.4124746322631836,-32.08610153198242,9.833730697631836,7.5346598625183105,-35.7833137512207,1.1154112815856934,-5.894314289093018,-35.82145690917969,6.470407485961914,6.555663108825684,-38.74638366699219,9.27769947052002,3.177910089492798,-32.76013946533203,3.3081541061401367,3.9231209754943848,-41.045188903808594,5.792306423187256,-2.813516139984131,-31.998249053955078,-2.321464776992798,-7.691094398498535,-38.813297271728516,0.028109189122915268,1.7693638801574707,-42.982852935791016,4.116775989532471,4.5869951248168945,-40.37032699584961,-0.5625192523002625,1.362095832824707,-43.09088134765625,7.116897106170654,6.86163854598999,-38.684940338134766,9.80777359008789,0.9176613092422485,-30.46232795715332,-0.13005396723747253,-6.5275983810424805,-36.88701629638672,-4.646819591522217,-3.558305501937866,-44.14213180541992,-2.0319952964782715,-6.651158809661865,-38.26530456542969,8.689264297485352,8.162554740905762,-37.68283462524414,9.778780937194824,0.4502542018890381,-30.028352737426758,-4.029351711273193,-7.1353349685668945,-40.71559143066406,5.733007431030273,6.007316589355469,-39.022682189941406,9.087244987487793,4.590865612030029,-34.05440139770508,1.9153982400894165,3.0890214443206787,-41.71822738647461,-3.619255781173706,-7.8748016357421875,-39.88920593261719,9.72289752960205,7.020498752593994,-35.51563262939453,9.389654159545898,0.11507689952850342,-29.880146026611328,-4.720479965209961,-4.346479415893555,-43.62094497680664,9.578207969665527,-0.4281679391860962,-29.34024429321289,9.866829872131348,8.635702133178711,-36.37409210205078,9.710095405578613,9.048553466796875,-36.95200729370117,-4.100765705108643,-1.371434211730957,-45.58192443847656,-3.936436653137207,-7.472726821899414,-40.24259567260742,-2.94691801071167,-0.3354330062866211,-44.89873123168945,9.414600372314453,1.641359567642212,-31.042524337768555,5.328587055206299,5.832794666290283,-39.038848876953125,9.38847541809082,4.193241119384766,-33.638572692871094,7.456551551818848,-1.814484715461731,-30.722972869873047,-3.712345838546753,-0.9747896790504456,-44.96858215332031,0.5628319978713989,2.151808738708496,-42.559898376464844,4.650032997131348,-3.1733202934265137,-32.77276611328125,-4.42198371887207,-6.537838935852051,-41.67544174194336,1.142598032951355,2.678175210952759,-41.81355285644531,2.418513298034668,-4.241913795471191,-34.408409118652344,9.17171573638916,5.355988025665283,-34.18280029296875,9.52646255493164,6.634312629699707,-35.20301818847656,-2.744715452194214,-7.262411594390869,-39.093929290771484,0.3817952871322632,-5.6488423347473145,-36.132747650146484,9.987785339355469,9.236246109008789,-36.95389938354492,9.194805145263672,6.1096014976501465,-34.680419921875,7.364786148071289,7.347537994384766,-38.086177825927734,9.082977294921875,4.038464546203613,-33.19199752807617,-4.392810821533203,-2.1157870292663574,-45.036380767822266,-4.570397853851318,-5.212343692779541,-42.58483123779297,-1.5790510177612305,0.7144936919212341,-43.75446319580078,8.060661315917969,-0.9256885647773743,-30.070514678955078,-1.3017221689224243,-6.068692207336426,-37.53251266479492,-4.3083648681640625,-2.2315096855163574,-44.27658462524414,3.605369806289673,4.608863830566406,-39.94843673706055,4.755005359649658,5.389995574951172,-39.223148345947266,8.536124229431152,8.21873950958252,-37.368038177490234,9.551423072814941,8.04858112335205,-35.894691467285156,-3.1478519439697266,-7.223345756530762,-39.2142219543457,1.2853937149047852,-4.873274326324463,-35.28005599975586,9.159174919128418,2.6851089000701904,-32.154640197753906,4.952499866485596,-2.677004337310791,-32.34526824951172,8.737102508544922,4.542910575866699,-33.67719268798828,9.250895500183105,1.0249214172363281,-30.476369857788086,3.533703088760376,-3.6962363719940186,-33.64419174194336,-3.6871516704559326,-6.67452335357666,-40.16790771484375,7.736335754394531,7.752886772155762,-37.6136474609375,9.470830917358398,8.9720458984375,-36.57747268676758,-3.1747255325317383,-0.5531840920448303,-44.36693572998047,6.684049606323242,6.918143272399902,-38.15484619140625,8.653182029724121,3.322110652923584,-32.60575485229492,3.0609934329986572,4.21205472946167,-40.258548736572266,9.338773727416992,7.527116775512695,-35.47886276245117,9.79189682006836,9.174060821533203,-36.44327926635742,8.709620475769043,-0.16355884075164795,-29.6998291015625,2.286552906036377,3.692688465118408,-40.65992736816406,4.223744869232178,4.955863952636719,-39.429744720458984,8.958581924438477,5.646522045135498,-34.340965270996094,9.707991600036621,9.763689041137695,-36.81348419189453,-4.073805809020996,-5.665731906890869,-41.062721252441406,1.4902713298797607,3.1380674839019775,-41.046714782714844,8.965537071228027,8.361701965332031,-36.21761703491211,6.111898422241211,-1.4638397693634033,-31.2523193359375,8.81095027923584,2.9688851833343506,-32.102664947509766,8.857967376708984,8.457584381103516,-36.71127700805664,8.708425521850586,1.444679856300354,-30.697477340698242,8.434060096740723,-0.3424186110496521,-29.8116512298584,8.767868041992188,2.4088618755340576,-31.614028930664062,9.701774597167969,9.683881759643555,-36.43169021606445,8.741591453552246,4.9890594482421875,-33.80951690673828,9.065200805664062,8.150951385498047,-35.847599029541016,9.310712814331055,8.734539985656738,-36.223228454589844,-2.1456713676452637,-6.302793025970459,-38.059627532958984,6.944671154022217,-0.9634667038917542,-30.649093627929688,-3.1128149032592773,-6.300716400146484,-39.50304412841797,8.833064079284668,7.2607035636901855,-35.212745666503906,8.464961051940918,0.6465755701065063,-30.329814910888672,-4.372195720672607,-4.432337760925293,-42.330230712890625,-2.823568105697632,-6.474900722503662,-38.852474212646484,-2.9192845821380615,-0.41673213243484497,-43.51887512207031,-1.945865273475647,0.452873170375824,-43.00040054321289,-1.217097282409668,1.012251615524292,-42.81391906738281,-4.347347259521484,-3.115957498550415,-43.29235076904297,5.888080596923828,6.374016761779785,-38.335697174072266,8.139617919921875,4.232309818267822,-33.16535186767578,-3.6131174564361572,-1.117954969406128,-43.8914794921875,7.200244903564453,7.602689266204834,-37.256439208984375,7.858358383178711,7.9686431884765625,-36.68397521972656,-0.20531065762043,-5.0742597579956055,-36.4589729309082,-0.00992567464709282,2.021115303039551,-41.62519073486328,5.390336990356445,-1.669813632965088,-31.761005401611328,8.856449127197266,6.536755561828613,-34.79216384887695,8.572521209716797,5.377192497253418,-33.99574661254883,-3.596734046936035,-5.862788677215576,-40.16305923461914,3.1258316040039062,-3.2181742191314697,-33.73933029174805,8.78366756439209,8.686990737915039,-36.211978912353516,-0.800482988357544,-5.222808361053467,-36.70684814453125,1.2530243396759033,-3.8373658657073975,-34.913944244384766,-3.7183585166931152,-5.010021209716797,-40.55109786987305,8.562889099121094,6.118496894836426,-34.49323654174805,8.07610034942627,0.2896571755409241,-30.38849449157715,-2.4231743812561035,-5.90114688873291,-38.27812194824219,-0.9617581367492676,1.2094500064849854,-42.167030334472656,3.5262866020202637,-2.1185572147369385,-33.07701873779297,7.439777374267578,-0.36604779958724976,-30.239980697631836,6.426346778869629,7.074016571044922,-37.21406936645508,8.082457542419434,1.8357611894607544,-31.20064353942871,-4.022913455963135,-2.4330978393554688,-42.844970703125,-3.9703547954559326,-4.377094745635986,-41.35170364379883,5.000182151794434,5.913564205169678,-38.1346321105957,5.486119270324707,6.203612804412842,-38.19343185424805,8.132391929626465,4.787230968475342,-33.46106719970703,-2.538607358932495,-5.430940628051758,-38.6867790222168,-2.878342390060425,-4.9371724128723145,-39.17525100708008,8.102503776550293,3.019240379333496,-32.069828033447266,4.329551696777344,5.374723434448242,-38.656394958496094,-3.2739760875701904,-5.117818832397461,-39.7630615234375,-4.005695819854736,-3.6574695110321045,-41.771854400634766,-1.4912283420562744,-5.278319358825684,-37.34931182861328,7.354620456695557,0.03693258762359619,-30.4739933013916,2.47121000289917,4.026271820068359,-39.834930419921875,2.9320006370544434,4.362926483154297,-39.31932067871094,4.266391277313232,-1.6243833303451538,-32.41376876831055,7.661464214324951,3.7296814918518066,-32.823665618896484,2.8060245513916016,-2.6886324882507324,-33.86920928955078,7.478689670562744,1.0440809726715088,-31.00442123413086,8.507514953613281,7.718994140625,-35.384010314941406,-3.4193344116210938,-1.4076520204544067,-42.698299407958984,0.4093244969844818,2.3572938442230225,-40.67006301879883,3.4742531776428223,4.618932247161865,-38.760765075683594,5.871264457702637,6.65390682220459,-37.39670181274414,-2.534215211868286,-0.24911963939666748,-42.44539260864258,-0.05648902431130409,-4.638575553894043,-35.896549224853516,5.8689703941345215,-0.5733670592308044,-31.205425262451172,8.147107124328613,7.391334056854248,-35.12677764892578,8.231539726257324,7.755927562713623,-35.77703857421875,8.127717971801758,8.204450607299805,-36.03272247314453,-3.426586866378784,-3.5449013710021973,-40.60748291015625,8.025879859924316,5.5220465660095215,-33.96920394897461,-2.3237669467926025,-4.712109565734863,-38.46323013305664,-3.6739838123321533,-2.6850948333740234,-41.73018264770508,-1.1513367891311646,-4.663115978240967,-37.20553970336914,-3.246345043182373,-4.296168804168701,-39.995784759521484,8.041784286499023,6.585102081298828,-34.68983459472656,1.5795785188674927,3.4307737350463867,-39.85675048828125,-1.5316532850265503,0.6867481470108032,-41.77376937866211,-0.9149975180625916,1.1266299486160278,-41.18796920776367,7.216523170471191,7.692428112030029,-36.56037902832031,7.703342437744141,8.1276273727417,-36.4244384765625,-2.7153773307800293,-0.5574183464050293,-42.2154655456543,1.1618931293487549,-3.5633749961853027,-34.682437896728516,6.52588415145874,0.4216636121273041,-30.814682006835938,0.15677261352539062,-3.8028676509857178,-35.682071685791016,6.224218368530273,-0.13573211431503296,-30.874855041503906,7.586190700531006,2.2654712200164795,-31.58568572998047,7.204172134399414,1.767106294631958,-31.409042358398438,7.459255695343018,6.288636207580566,-34.52104568481445,7.329251766204834,3.041386365890503,-32.1981201171875,-0.5740496516227722,-4.103222846984863,-36.76370620727539,-0.311148464679718,1.6081750392913818,-40.27433395385742,-2.8896358013153076,-3.689558982849121,-39.637638092041016,-2.940814733505249,-1.3280422687530518,-41.560508728027344,-1.6765650510787964,-4.0207719802856445,-37.83635330200195,-0.8498756289482117,-3.642418622970581,-37.0047721862793,3.370962142944336,4.632842063903809,-37.946659088134766,-2.384977340698242,-3.9785444736480713,-38.736270904541016,5.735781192779541,6.556454658508301,-36.54169845581055,7.6433868408203125,7.393176078796387,-35.63666534423828,2.499483823776245,-2.6877052783966064,-33.73921585083008,7.199246883392334,4.222493648529053,-33.06713104248047,6.4726457595825195,0.9180037975311279,-31.247623443603516,4.301414966583252,5.406434059143066,-37.7039680480957,6.496840953826904,7.232241630554199,-36.29180908203125,-3.1599478721618652,-2.5225718021392822,-40.75927734375,-2.3180174827575684,-0.5006527304649353,-41.257564544677734,7.308866500854492,7.843033790588379,-36.03838348388672,2.9499948024749756,4.248377323150635,-38.38369369506836,-2.8429648876190186,-1.7077890634536743,-40.84688186645508,3.8128416538238525,-1.64368736743927,-32.50621032714844,-1.8478145599365234,-3.2082009315490723,-38.253360748291016,-2.904421329498291,-2.911285400390625,-40.016780853271484,6.919947147369385,5.433628559112549,-34.029518127441406,-1.4747891426086426,0.16467678546905518,-40.36820983886719,4.818580627441406,5.8177618980407715,-37.165245056152344,6.848994731903076,4.8686418533325195,-33.629398345947266,1.8495417833328247,-2.6067140102386475,-34.24213409423828,2.806257486343384,-2.0381369590759277,-33.46772003173828,5.07108736038208,-0.8523896932601929,-31.58587646484375,6.292956829071045,1.4951603412628174,-31.618732452392578,0.7776427268981934,-3.1354551315307617,-35.03297424316406,6.725368976593018,2.9553492069244385,-32.321353912353516,-1.3256545066833496,-2.9173226356506348,-37.70950698852539,0.663266122341156,2.591534376144409,-39.643890380859375,-2.496347188949585,-2.9914398193359375,-39.25245666503906,-0.8232959508895874,0.8725531697273254,-40.05345916748047,1.7707087993621826,3.46858811378479,-38.765499114990234,-0.7886056900024414,-2.969144344329834,-37.02067184448242,7.015192985534668,6.7258830070495605,-34.98074722290039,6.497629165649414,3.279561996459961,-32.790245056152344,-2.4417200088500977,-1.5974255800247192,-40.130863189697266,-2.1389577388763428,-0.9385161399841309,-40.28526306152344,-0.2239879071712494,-2.7455146312713623,-36.40403366088867,6.828032970428467,6.803960800170898,-35.46099090576172,1.2806264162063599,-2.4197187423706055,-34.85530090332031,2.544562816619873,-1.75783109664917,-34.01184844970703,-2.4452903270721436,-2.1507885456085205,-39.68843460083008,1.7912931442260742,-1.279587984085083,-34.637168884277344,3.746854305267334,-1.0605688095092773,-32.541229248046875,0.4702630043029785,-2.525115966796875,-35.63156509399414,6.303923606872559,6.925236225128174,-35.89448928833008,-1.9267431497573853,-2.3789069652557373,-38.667686462402344,5.521090030670166,0.0882304310798645,-31.37287139892578,6.424283981323242,4.322730541229248,-33.3478889465332,-0.23020488023757935,-2.2787585258483887,-36.52410125732422,2.5801382064819336,-0.9697730541229248,-33.916404724121094,5.989823341369629,1.9442166090011597,-32.07050323486328,-1.550118088722229,-0.5385146141052246,-39.53335952758789,-1.7406851053237915,-1.7151026725769043,-38.85619354248047,-1.1764103174209595,-2.2108848094940186,-37.7939453125,5.364654541015625,6.150476932525635,-36.17155838012695,6.696601390838623,6.002011775970459,-34.52640914916992,4.766725540161133,-0.17580217123031616,-32.10639572143555,3.3626227378845215,-0.6288334727287292,-33.1358528137207,-1.827013373374939,-1.2795312404632568,-39.34580993652344,0.49372076988220215,2.240966320037842,-39.075069427490234,2.4988365173339844,3.7620418071746826,-37.66183853149414,-0.5485715270042419,-1.5686596632003784,-37.25692367553711,-0.8630822896957397,-0.03412926197052002,-38.76320266723633,-0.4804880619049072,0.9273996353149414,-39.24602127075195,5.495001316070557,0.8621711730957031,-31.782777786254883,4.086320400238037,5.176219463348389,-37.11773681640625,5.961862564086914,3.5274839401245117,-33.100791931152344,0.9027886986732483,-1.4929522275924683,-35.436946868896484,5.966603755950928,2.6118645668029785,-32.4830207824707,-1.2179723978042603,-0.7965717315673828,-38.68724822998047,-0.821641743183136,-1.3742647171020508,-37.670894622802734,5.827836513519287,6.104333400726318,-35.45371627807617,3.7579522132873535,-0.5904549360275269,-32.793792724609375,6.312357425689697,6.097415924072266,-34.867225646972656,2.2165091037750244,-0.43132898211479187,-34.391456604003906,0.126420259475708,-1.4427707195281982,-36.38892364501953,-1.1748981475830078,-1.320155143737793,-38.2496337890625,4.4642720222473145,0.28151631355285645,-32.41629409790039,4.49131441116333,5.273426532745361,-36.24014663696289,2.9199259281158447,-0.2758391499519348,-33.655967712402344,3.2928617000579834,4.398353099822998,-37.060707092285156,5.972890853881836,4.167941093444824,-33.52485275268555,6.105562686920166,4.982973098754883,-34.049739837646484,0.11204640567302704,1.4892964363098145,-38.6337890625,2.0184755325317383,3.1191186904907227,-37.29094314575195,0.05531170219182968,-0.6047795414924622,-36.91252136230469,5.083250999450684,2.0224759578704834,-32.626895904541016,-0.2068794071674347,0.6795370578765869,-38.323482513427734,4.482898712158203,1.443495512008667,-32.807350158691406,0.6753786206245422,2.19948410987854,-38.481475830078125,1.2765123844146729,2.6275267601013184,-37.928733825683594,3.5972468852996826,4.475888252258301,-36.423194885253906,5.864517688751221,5.593101501464844,-34.700408935546875,0.4509716331958771,-0.7564587593078613,-36.303619384765625,-0.3845806121826172,-0.2819628119468689,-37.755767822265625,4.1402812004089355,0.6999478340148926,-32.796966552734375,5.228724002838135,2.814484119415283,-33.03288269042969,5.130101203918457,5.4750847816467285,-35.39979934692383,1.207787275314331,-0.5971934199333191,-35.429771423339844,3.4076085090637207,0.517763078212738,-33.406551361083984,1.7636593580245972,0.09782828390598297,-35.09297180175781,0.19895108044147491,0.5213993787765503,-37.449581146240234,0.37105289101600647,1.3151623010635376,-37.88468551635742,5.181994438171387,3.8692469596862793,-33.78662872314453,5.337187767028809,4.559238910675049,-34.207427978515625,0.565815269947052,-0.15136021375656128,-36.461795806884766,4.228316783905029,4.663818359375,-35.6373176574707,2.7109997272491455,3.599726676940918,-36.61251449584961,1.2170287370681763,2.0422496795654297,-37.25133514404297,4.960306644439697,4.89749813079834,-34.859092712402344,2.7914345264434814,0.6719387173652649,-34.12131881713867,3.181795120239258,1.1528220176696777,-33.887725830078125,4.751382350921631,2.829256057739258,-33.367183685302734,3.685396909713745,1.4570550918579102,-33.51728057861328,1.2637828588485718,0.6399215459823608,-36.04197311401367,0.9557094573974609,1.1960660219192505,-36.89606475830078,3.4935202598571777,3.60628604888916,-35.381072998046875,2.127037763595581,0.6628642082214355,-34.902164459228516,1.6775307655334473,1.4634770154953003,-36.029598236083984,2.1940057277679443,2.769129753112793,-36.3916015625,4.2458930015563965,3.9321422576904297,-34.718257904052734,2.6891021728515625,2.8565220832824707,-35.73095703125,3.9345314502716064,2.253361701965332,-33.70244216918945,2.015608549118042,2.135007619857788,-36.06603240966797,2.374732494354248,1.4405899047851562,-34.99135208129883,4.015647888183594,3.020395278930664,-34.16141128540039,3.1739394664764404,2.1838033199310303,-34.48685073852539
