/home/arvardaz/SFT_with_CNN/output1/1488972736.6113582_1055.png,-1.5808680057525635,-0.314142644405365,-12.005558013916016,-1.361709475517273,-0.12291529774665833,-11.935477256774902,-1.488490104675293,-0.32751455903053284,-11.672270774841309,-1.4964410066604614,-0.1686796247959137,-12.13409423828125,-1.300637125968933,-0.12029729783535004,-11.725944519042969,-1.1456937789916992,0.02645811252295971,-11.664558410644531,-1.1682360172271729,0.08151953667402267,-11.908520698547363,-1.040728211402893,0.17425577342510223,-11.726177215576172,-1.2469779253005981,-0.09624622017145157,-11.58146858215332,-1.6610828638076782,-0.4401426613330841,-11.840147972106934,-1.2738306522369385,0.045614659786224365,-12.091155052185059,-1.752583384513855,-0.540753960609436,-11.670705795288086,-1.0486689805984497,0.14149874448776245,-11.609143257141113,-1.4203834533691406,-0.27158862352371216,-11.377835273742676,-1.7592638731002808,-0.4647859036922455,-12.009576797485352,-1.3434444665908813,0.091644786298275,-12.283204078674316,-1.0483214855194092,0.26135942339897156,-11.96768856048584,-1.6036165952682495,-0.4341631829738617,-11.454849243164062,-1.1416566371917725,0.0020895854104310274,-11.333427429199219,-1.2011685371398926,-0.059886958450078964,-11.421477317810059,-1.2868949174880981,-0.14884744584560394,-11.3233060836792,-1.7740840911865234,-0.33654549717903137,-12.288622856140137,-1.0942758321762085,0.28599435091018677,-12.131221771240234,-1.023654818534851,0.14337937533855438,-11.340682983398438,-1.9432671070098877,-0.554125964641571,-12.132099151611328,-1.5277217626571655,-0.00519539974629879,-12.420244216918945,-1.8933683633804321,-0.6110565662384033,-11.857280731201172,-0.9066027998924255,0.3782857358455658,-11.680097579956055,-0.8976203799247742,0.35942625999450684,-11.575410842895508,-0.9041061997413635,0.3212747573852539,-11.434081077575684,-1.8683377504348755,-0.6342400908470154,-11.565984725952148,-0.9389050602912903,0.4258062243461609,-11.941963195800781,-1.811919927597046,-0.24010203778743744,-12.468189239501953,-1.1513864994049072,0.31990018486976624,-12.297325134277344,-1.5380955934524536,-0.3580501675605774,-11.262951850891113,-1.7527310848236084,-0.5433841943740845,-11.36635684967041,-0.883539617061615,0.4728695750236511,-11.777791976928711,-1.0591344833374023,0.11008788645267487,-11.213848114013672,-2.131181478500366,-0.7680851221084595,-11.95442008972168,-1.2318294048309326,-0.08080831170082092,-11.166946411132812,-1.308113694190979,-0.13762275874614716,-11.072011947631836,-1.424243688583374,0.16156208515167236,-12.472517013549805,-0.883612334728241,0.5710625052452087,-12.033003807067871,-0.992821216583252,0.4904199540615082,-12.222249984741211,-2.15251088142395,-0.8210422396659851,-11.725199699401855,-1.119712233543396,0.043873660266399384,-11.13581371307373,-0.8469435572624207,0.5511936545372009,-11.855149269104004,-0.8658809661865234,0.4517296850681305,-11.54104232788086,-2.13873028755188,-0.6194419264793396,-12.354859352111816,-2.2253382205963135,-0.7776142358779907,-12.178812026977539,-0.9593849182128906,0.24963606894016266,-11.27436637878418,-1.7742011547088623,-0.1346466988325119,-12.526459693908691,-1.9636369943618774,-0.6752347350120544,-11.313508033752441,-1.3009334802627563,0.2925494909286499,-12.467066764831543,-1.116917371749878,0.4477916657924652,-12.379033088684082,-2.31999135017395,-0.9115698933601379,-12.01058292388916,-1.5038493871688843,-0.2995239496231079,-11.101790428161621,-2.019946336746216,-0.3983291983604431,-12.5098237991333,-2.019624710083008,-0.730208694934845,-11.506007194519043,-0.8342539072036743,0.5026824474334717,-11.659987449645996,-1.7457417249679565,-0.5013322830200195,-11.165169715881348,-0.8550146222114563,0.42286285758018494,-11.216940879821777,-0.9524003267288208,0.24196943640708923,-11.181282997131348,-2.3721320629119873,-0.9867226481437683,-11.794404029846191,-0.8604648113250732,0.6872958540916443,-12.179183006286621,-1.0285406112670898,0.580130934715271,-12.412979125976562,-0.8328902125358582,0.48994407057762146,-11.487702369689941,-2.2832658290863037,-0.916078507900238,-11.549240112304688,-2.2322330474853516,-0.5286744236946106,-12.624421119689941,-2.3661625385284424,-0.7904693484306335,-12.426680564880371,-2.5223352909088135,-1.024694800376892,-12.189668655395508,-2.5304315090179443,-1.0864324569702148,-11.946036338806152,-1.0463072061538696,0.1436544507741928,-11.012056350708008,-1.1667780876159668,0.03475067764520645,-10.958785057067871,-1.6785459518432617,-0.4237675964832306,-11.056921005249023,-0.8175641298294067,0.7949907183647156,-12.274202346801758,-0.8997639417648315,0.3431921601295471,-11.157064437866211,-2.6268227100372314,-1.033786416053772,-12.385130882263184,-0.792405366897583,0.7245586514472961,-11.943188667297363,-2.1717910766601562,-0.8114761114120483,-11.369129180908203,-0.7952579259872437,0.6609683632850647,-11.716007232666016,-0.7818232178688049,0.6713337898254395,-11.606866836547852,-1.2518855333328247,0.4584587514400482,-12.557137489318848,-0.787458598613739,0.6637261509895325,-11.455841064453125,-1.0624107122421265,0.14615848660469055,-10.83940315246582,-0.9282333254814148,0.28163501620292664,-10.92180347442627,-2.5104005336761475,-0.8216220140457153,-12.590039253234863,-1.6837794780731201,0.0005236389115452766,-12.580698013305664,-1.0288574695587158,0.6880477070808411,-12.500121116638184,-2.8095510005950928,-1.2687898874282837,-11.992115020751953,-1.9915152788162231,-0.6245792508125305,-11.077712059020996,-1.2133530378341675,0.023707430809736252,-10.808849334716797,-1.3825544118881226,-0.161652073264122,-10.930442810058594,-0.8817978501319885,0.3804720640182495,-10.993292808532715,-1.9668896198272705,-0.2078971117734909,-12.663589477539062,-0.8227686882019043,0.49529895186424255,-11.255640029907227,-2.574155807495117,-1.1312438249588013,-11.67108154296875,-2.8237171173095703,-1.1711643934249878,-12.413418769836426,-2.1394777297973633,-0.24860621988773346,-12.760470390319824,-2.42673659324646,-0.6109432578086853,-12.751066207885742,-1.581138253211975,0.24196471273899078,-12.664834022521973,-2.8182244300842285,-1.2470539808273315,-12.170759201049805,-0.8114143013954163,0.8825056552886963,-12.383322715759277,-1.2461366653442383,0.6183333396911621,-12.640957832336426,-0.754602313041687,0.9069626927375793,-12.118795394897461,-0.9778916835784912,0.23658305406570435,-10.818107604980469,-2.7195427417755127,-0.9947485327720642,-12.597626686096191,-2.779519557952881,-1.2570194005966187,-11.820535659790039,-1.4285277128219604,0.43076932430267334,-12.665251731872559,-0.8039513826370239,0.894475519657135,-12.243963241577148,-0.7634106278419495,0.8690423965454102,-11.89006233215332,-1.6526012420654297,-0.3149118423461914,-10.85633659362793,-2.4169039726257324,-0.9952771067619324,-11.442448616027832,-0.9349682927131653,0.8525042533874512,-12.515654563903809,-0.772117018699646,0.8368257880210876,-11.696171760559082,-2.208641529083252,-0.776299238204956,-11.205029487609863,-1.8888976573944092,-0.5157172083854675,-10.982799530029297,-3.0488486289978027,-1.4083213806152344,-12.119134902954102,-1.7960234880447388,0.06281977891921997,-12.70219612121582,-3.0823123455047607,-1.3449188470840454,-12.442238807678223,-0.8310227394104004,0.4968784749507904,-11.015810012817383,-0.9177952408790588,0.3367764949798584,-10.841312408447266,-0.9209587574005127,0.34440508484840393,-10.72015380859375,-2.3162014484405518,-0.3803268074989319,-12.827228546142578,-0.7830796837806702,0.8073942065238953,-11.477338790893555,-0.8269199132919312,0.6034169793128967,-11.083662986755371,-1.3225764036178589,-0.026233501732349396,-10.714812278747559,-1.5224281549453735,-0.19510336220264435,-10.791695594787598,-2.608196258544922,-0.7204488515853882,-12.812087059020996,-3.0241878032684326,-1.179283618927002,-12.677870750427246,-1.774686336517334,0.17426715791225433,-12.747228622436523,-1.9655604362487793,0.039821259677410126,-12.782398223876953,-0.8114752173423767,0.6876688599586487,-11.252427101135254,-0.8464940786361694,0.4654925465583801,-10.80354118347168,-1.0754821300506592,0.19805677235126495,-10.60995864868164,-2.805551767349243,-1.2645483016967773,-11.599152565002441,-2.648715019226074,-1.1625018119812012,-11.533719062805176,-0.7822875380516052,1.008518099784851,-12.31061840057373,-2.3886680603027344,-0.9103865623474121,-11.27177906036377,-2.813204050064087,-0.9462282657623291,-12.766923904418945,-3.2387468814849854,-1.4698247909545898,-12.376933097839355,-0.8011245727539062,0.9915816783905029,-12.444857597351074,-0.7486206293106079,1.0024787187576294,-12.049606323242188,-2.550954818725586,-1.0253167152404785,-11.282763481140137,-1.7963521480560303,-0.3950391113758087,-10.851150512695312,-2.00240421295166,-0.10615687072277069,-12.75111198425293,-1.2084523439407349,0.8071236610412598,-12.707706451416016,-0.9497689008712769,0.3222391605377197,-10.59365463256836,-3.020994186401367,-1.4074994325637817,-11.84335994720459,-0.8167445659637451,0.6592628955841064,-10.930891036987305,-0.8745126724243164,0.4266953468322754,-10.60540771484375,-1.200884461402893,0.11198430508375168,-10.604975700378418,-0.8388127088546753,1.087483286857605,-12.587244033813477,-3.015036106109619,-1.0329762697219849,-12.853344917297363,-3.2320899963378906,-1.3501498699188232,-12.648104667663574,-1.6867518424987793,0.2770959436893463,-12.745015144348145,-2.2031681537628174,-0.714941143989563,-11.038476943969727,-2.7468183040618896,-1.1594281196594238,-11.327143669128418,-0.7672971487045288,0.951795220375061,-11.804129600524902,-2.529355049133301,-0.5239636898040771,-12.90195369720459,-1.6253465414047241,-0.17554840445518494,-10.670026779174805,-0.8230956196784973,0.8493502140045166,-11.265610694885254,-1.6725313663482666,-0.2582351863384247,-10.758035659790039,-1.019436001777649,0.951562762260437,-12.657423973083496,-1.6490525007247925,0.3873072564601898,-12.764204025268555,-2.821765184402466,-0.7059041857719421,-12.994067192077637,-0.7500659823417664,1.0858924388885498,-12.1298189163208,-0.7532423734664917,1.251052975654602,-12.447701454162598,-0.9439648389816284,1.0684345960617065,-12.664042472839355,-0.755945086479187,1.093928575515747,-12.31076431274414,-0.8149448037147522,0.6065687537193298,-10.741730690002441,-3.3804209232330322,-1.6148991584777832,-12.07337474822998,-3.010800361633301,-1.3821980953216553,-11.600103378295898,-3.36871337890625,-1.4433950185775757,-12.67109203338623,-2.1471424102783203,-0.05289944261312485,-12.855733871459961,-0.8278811573982239,0.7664885520935059,-11.056116104125977,-3.3497729301452637,-1.6055073738098145,-11.786171913146973,-1.0569490194320679,0.30101966857910156,-10.440716743469238,-0.912990927696228,0.392357736825943,-10.485426902770996,-1.4288830757141113,-0.006987878121435642,-10.554951667785645,-1.5230131149291992,-0.0884510725736618,-10.624017715454102,-2.910954713821411,-0.7963123917579651,-12.993509292602539,-3.028820753097534,-0.9268652200698853,-12.969244003295898,-0.7618527412414551,1.2291901111602783,-12.551071166992188,-0.8101811408996582,1.0112472772598267,-11.691174507141113,-0.8004273772239685,0.9491298198699951,-11.555543899536133,-1.512015700340271,0.505315363407135,-12.751161575317383,-1.1407634019851685,0.21826641261577606,-10.497319221496582,-0.7541576027870178,1.2038154602050781,-12.236740112304688,-0.7767233848571777,1.0778034925460815,-11.879586219787598,-3.273362874984741,-1.1872438192367554,-12.939482688903809,-3.537651300430298,-1.6233946084976196,-12.427164077758789,-2.908289909362793,-1.289204478263855,-11.430868148803711,-1.362323522567749,0.7369669079780579,-12.722436904907227,-0.7618807554244995,1.2454137802124023,-12.361786842346191,-0.8375545740127563,0.5574832558631897,-10.370931625366211,-3.033884048461914,-1.3591675758361816,-11.429962158203125,-2.4886393547058105,-0.3719763457775116,-12.944713592529297,-2.6649105548858643,-0.49774599075317383,-13.00039005279541,-0.8764324188232422,0.8608672022819519,-11.143304824829102,-3.289151906967163,-1.5395182371139526,-11.54458999633789,-0.8174799084663391,0.6516006588935852,-10.54535961151123,-1.4611774682998657,0.6610128879547119,-12.768519401550293,-2.4740169048309326,-0.9029108285903931,-11.165733337402344,-3.6286442279815674,-1.546545147895813,-12.788276672363281,-2.2984297275543213,-0.1529216766357422,-12.911786079406738,-2.4285736083984375,-0.787888765335083,-11.023101806640625,-0.8800871968269348,1.1783052682876587,-12.70580005645752,-1.881302833557129,0.2247600257396698,-12.821358680725098,-0.8281012177467346,0.7990445494651794,-10.83371639251709,-0.8917325735092163,0.47153744101524353,-10.409943580627441,-0.9533400535583496,0.4343024492263794,-10.304006576538086,-0.9846871495246887,0.33674106001853943,-10.410587310791016,-1.9961029291152954,-0.3691328465938568,-10.706402778625488,-0.8133125305175781,1.3038939237594604,-12.696428298950195,-3.4727306365966797,-1.3754242658615112,-12.922944068908691,-0.7840968370437622,1.1872529983520508,-11.97924518585205,-1.3227051496505737,0.13947947323322296,-10.45523452758789,-2.0381743907928467,-0.47561466693878174,-10.816389083862305,-2.2616446018218994,-0.6398268938064575,-10.879705429077148,-2.711061716079712,-1.0599344968795776,-11.182188987731934,-0.8337454795837402,0.9648516178131104,-11.394516944885254,-3.53398060798645,-1.7108814716339111,-11.852575302124023,-0.7486034035682678,1.3845568895339966,-12.568268775939941,-1.1743342876434326,0.9764330387115479,-12.760625839233398,-3.2327558994293213,-0.9528018236160278,-13.124157905578613,-1.6471370458602905,0.5344197750091553,-12.815738677978516,-1.2398914098739624,0.21415060758590698,-10.391547203063965,-3.689633369445801,-1.7656911611557007,-12.052220344543457,-2.524174928665161,-0.2753872573375702,-12.998241424560547,-2.8589508533477783,-0.570875346660614,-13.088800430297852,-3.001429319381714,-1.269933819770813,-11.27055835723877,-1.8630130290985107,-0.24528053402900696,-10.635212898254395,-0.7912911176681519,1.3261072635650635,-12.140069007873535,-3.211644172668457,-1.4473040103912354,-11.373311042785645,-1.0758298635482788,1.1510989665985107,-12.750585556030273,-0.8130464553833008,1.1061302423477173,-11.774702072143555,-1.1447967290878296,0.3451197147369385,-10.289571762084961,-1.668725609779358,-0.08578149974346161,-10.560275077819824,-3.7058117389678955,-1.6963896751403809,-12.390053749084473,-2.032759189605713,0.2148798257112503,-12.874541282653809,-2.7840356826782227,-0.395588755607605,-13.087586402893066,-1.3260289430618286,0.8698011636734009,-12.764406204223633,-3.638594388961792,-1.4053375720977783,-13.089247703552246,-2.6198272705078125,-0.9262011647224426,-11.068639755249023,-2.207371950149536,0.05750948190689087,-12.899909973144531,-3.0926032066345215,-0.7544385194778442,-13.142128944396973,-0.8935095071792603,1.3074145317077637,-12.782761573791504,-0.8932788968086243,0.5446327924728394,-10.187700271606445,-2.994641065597534,-1.1906471252441406,-11.157588958740234,-3.4545931816101074,-1.1562129259109497,-13.14120101928711,-0.7741952538490295,1.375914216041565,-12.453049659729004,-3.842031240463257,-1.6378943920135498,-12.699095726013184,-0.8216197490692139,0.7510673999786377,-10.361200332641602,-3.61786150932312,-1.2115365266799927,-13.238953590393066,-1.8628028631210327,0.3685077130794525,-12.845067024230957,-3.4649572372436523,-1.645250916481018,-11.547447204589844,-2.899275541305542,-1.1219568252563477,-11.148612022399902,-0.8241729140281677,0.810705840587616,-10.597797393798828,-0.8728936314582825,0.958706796169281,-11.244659423828125,-1.6367584466934204,0.013783620670437813,-10.46459674835205,-2.248037815093994,-0.525492250919342,-10.766998291015625,-0.8803895711898804,0.8961441516876221,-11.065963745117188,-1.524451732635498,0.7304649949073792,-12.803716659545898,-3.8554134368896484,-1.5347379446029663,-13.047736167907715,-3.750366449356079,-1.8200106620788574,-11.79529857635498,-3.889819383621216,-1.751127004623413,-12.32436466217041,-1.4682613611221313,0.17242860794067383,-10.34426498413086,-3.641204833984375,-1.7455421686172485,-11.523277282714844,-3.001572847366333,-0.6703481078147888,-13.13135814666748,-1.3649053573608398,1.019589900970459,-12.81217098236084,-0.9998740553855896,0.5113154649734497,-10.193721771240234,-2.3611111640930176,0.005696818232536316,-12.975329399108887,-1.4558132886886597,0.8704222440719604,-12.756950378417969,-1.1267257928848267,0.4752906858921051,-10.150727272033691,-1.802237629890442,-0.10912595689296722,-10.537381172180176,-2.519873857498169,-0.139444962143898,-13.021529197692871,-3.222679853439331,-1.3800904750823975,-11.226033210754395,-1.296420693397522,0.34087681770324707,-10.235956192016602,-0.9096304774284363,0.5837268233299255,-10.105464935302734,-1.5769407749176025,0.13674892485141754,-10.393433570861816,-0.9381383061408997,1.0065113306045532,-11.144707679748535,-0.889630138874054,0.9547592401504517,-10.961182594299316,-0.8046197295188904,1.2767170667648315,-11.974321365356445,-0.883917510509491,1.0860607624053955,-11.413674354553223,-2.5032639503479004,-0.7212045788764954,-10.882145881652832,-0.8104641437530518,1.5316944122314453,-12.781532287597656,-0.8183712959289551,0.7478771805763245,-10.217910766601562,-1.1869279146194458,1.1165080070495605,-12.797057151794434,-3.7845256328582764,-1.3740557432174683,-13.263324737548828,-3.8981502056121826,-1.4722621440887451,-13.221701622009277,-0.7218778729438782,1.4490911960601807,-12.577980995178223,-1.1670722961425781,1.2705014944076538,-12.822601318359375,-3.8812811374664307,-1.8129438161849976,-12.109106063842773,-2.735893964767456,-0.304125040769577,-13.09801959991455,-3.4296908378601074,-0.9943751096725464,-13.231123924255371,-1.7525287866592407,0.6044706702232361,-12.854744911193848,-2.229759931564331,-0.37969398498535156,-10.650108337402344,-3.9543046951293945,-1.5961759090423584,-12.85684585571289,-0.7405405640602112,1.527679681777954,-12.698834419250488,-0.7465025782585144,1.5694249868392944,-12.566176414489746,-0.9062751531600952,1.066904067993164,-11.290525436401367,-0.8567830920219421,1.2697850465774536,-11.82308292388916,-0.8644249439239502,0.9038646221160889,-10.717206954956055,-0.8178160786628723,0.7384523749351501,-10.103797912597656,-2.6904218196868896,-0.8044295907020569,-10.910913467407227,-2.81207537651062,-0.9801478385925293,-11.023898124694824,-3.5094826221466064,-1.558057427406311,-11.226428985595703,-0.8095423579216003,1.4450569152832031,-12.300345420837402,-1.0063087940216064,1.3933302164077759,-12.82050895690918,-3.5645899772644043,-1.6442662477493286,-11.336451530456543,-0.9431950449943542,1.391365885734558,-12.797693252563477,-0.8503587245941162,0.8938331007957458,-10.398351669311523,-1.5899256467819214,0.736777663230896,-12.808258056640625,-2.1627161502838135,0.2887943387031555,-12.930765151977539,-0.8582178950309753,1.2101049423217773,-11.699748992919922,-4.02985143661499,-1.7148698568344116,-12.47077465057373,-0.9092225432395935,1.1358481645584106,-11.479720115661621,-0.8776464462280273,0.9327837824821472,-10.589353561401367,-3.047151565551758,-0.5490872859954834,-13.198613166809082,-3.6764369010925293,-1.1291035413742065,-13.33198356628418,-0.8898993730545044,0.9425018429756165,-10.818582534790039,-2.9637982845306396,-0.41331949830055237,-13.175909042358398,-3.2549901008605957,-0.7854275107383728,-13.22212028503418,-0.9162705540657043,1.2055487632751465,-11.631804466247559,-1.9557996988296509,0.4534676969051361,-12.873557090759277,-2.1190669536590576,0.3926578164100647,-12.93625259399414,-3.995976686477661,-1.8872631788253784,-11.861811637878418,-0.8155134320259094,1.4911776781082153,-12.447763442993164,-2.2849245071411133,0.18111549317836761,-12.938787460327148,-2.1215171813964844,-0.26742348074913025,-10.587843894958496,-0.7761364579200745,1.6755406856536865,-12.815751075744629,-2.747502326965332,-0.1871604174375534,-13.108794212341309,-0.8439019918441772,1.398809552192688,-12.100564002990723,-3.9507791996002197,-1.3917304277420044,-13.385053634643555,-0.8855447769165039,1.5659128427505493,-12.871521949768066,-1.2526475191116333,1.1791614294052124,-12.826944351196289,-3.4265456199645996,-1.4131007194519043,-11.116455078125,-1.653860330581665,0.7935468554496765,-12.862321853637695,-1.6944376230239868,0.10553532093763351,-10.38890552520752,-2.479120969772339,-0.6140742897987366,-10.762645721435547,-3.858722448348999,-1.8641114234924316,-11.64223861694336,-0.8588239550590515,0.8624195456504822,-10.293404579162598,-2.6707870960235596,-0.14327214658260345,-13.085054397583008,-3.2143311500549316,-1.2704962491989136,-11.096569061279297,-0.8768740296363831,1.3609226942062378,-11.979263305664062,-1.5542672872543335,0.9609836339950562,-12.791138648986816,-0.9766173362731934,0.6306292414665222,-9.98552417755127,-2.551302433013916,-0.0419808067381382,-13.034173965454102,-1.1395114660263062,0.6681058406829834,-10.042716979980469,-3.9235172271728516,-1.8735921382904053,-11.4341402053833,-3.7655608654022217,-1.7523454427719116,-11.343664169311523,-4.136495590209961,-1.6585338115692139,-12.647209167480469,-2.4064412117004395,0.10302525013685226,-12.991600036621094,-0.9362761974334717,1.0111838579177856,-11.062132835388184,-0.9867017865180969,1.02058744430542,-11.124921798706055,-3.124197483062744,-1.1329195499420166,-11.005963325500488,-4.0582427978515625,-1.5425130128860474,-13.099101066589355,-4.056027889251709,-1.8011305332183838,-12.173206329345703,-4.145164966583252,-1.5963938236236572,-12.783092498779297,-1.5589101314544678,0.2706012725830078,-10.26683521270752,-1.9338346719741821,-0.05644679814577103,-10.490811347961426,-3.234912157058716,-0.5760325789451599,-13.267290115356445,-0.8743265867233276,1.3040307760238647,-11.88508415222168,-0.8324391841888428,0.8667750954627991,-10.047694206237793,-0.897359311580658,0.9223306179046631,-10.458307266235352,-3.9100284576416016,-1.2203906774520874,-13.436165809631348,-0.8590911626815796,0.7516113519668579,-9.902036666870117,-0.880209743976593,1.5480974912643433,-12.351022720336914,-4.008299827575684,-1.7390037775039673,-12.318780899047852,-0.8736749887466431,1.5906822681427002,-12.742291450500488,-1.256118893623352,0.5367684960365295,-10.086420059204102,-4.052826881408691,-1.8952200412750244,-11.701005935668945,-1.9015915393829346,0.6468191742897034,-12.88347053527832,-3.3765220642089844,-0.6698988080024719,-13.313103675842285,-3.4744369983673096,-0.8433220982551575,-13.312370300292969,-2.436647653579712,-0.5081556439399719,-10.709548950195312,-0.9669286012649536,1.5835328102111816,-12.788209915161133,-2.9035816192626953,-0.26441216468811035,-13.144364356994629,-0.8853676319122314,1.6318378448486328,-12.560345649719238,-3.0635173320770264,-1.024178385734558,-10.970234870910645,-0.864200234413147,1.4837485551834106,-12.234959602355957,-4.116167068481445,-1.453765630722046,-13.39755916595459,-0.9387539625167847,0.9790942072868347,-10.823013305664062,-2.3712825775146484,-0.4047624170780182,-10.647184371948242,-0.9735249876976013,1.082984209060669,-11.21195125579834,-0.8538613319396973,0.8708431124687195,-10.196111679077148,-0.9629523158073425,1.0066478252410889,-10.986492156982422,-4.096744060516357,-1.328019380569458,-13.540802955627441,-0.9607507586479187,1.2008689641952515,-11.510953903198242,-1.7556449174880981,0.21425631642341614,-10.331878662109375,-4.030689239501953,-1.9102245569229126,-11.514291763305664,-0.9654242396354675,1.1541348695755005,-11.341143608093262,-2.9720709323883057,-0.9535654783248901,-10.936491012573242,-0.9644553661346436,1.3147205114364624,-11.732705116271973,-3.6331632137298584,-0.9603400826454163,-13.370936393737793,-4.1503143310546875,-1.4985815286636353,-13.286297798156738,-2.640293598175049,-0.6808018684387207,-10.799564361572266,-2.824005365371704,-0.8323153853416443,-10.915132522583008,-0.9338985085487366,0.9322834610939026,-10.544377326965332,-4.186790466308594,-1.808610439300537,-12.063321113586426,-3.720031976699829,-1.6323277950286865,-11.184893608093262,-1.2218736410140991,1.3781818151474,-12.808870315551758,-0.8531585931777954,0.841535747051239,-9.849424362182617,-1.5195457935333252,0.3811187744140625,-10.188090324401855,-1.3866496086120605,0.4517158269882202,-10.139463424682617,-0.9241917729377747,1.6285955905914307,-12.67178726196289,-0.9860579371452332,0.7242385745048523,-9.883133888244629,-2.077366352081299,0.5499389171600342,-12.892584800720215,-2.3751490116119385,0.2748875617980957,-12.97031307220459,-3.935299873352051,-1.8093615770339966,-11.279634475708008,-2.6834185123443604,-0.012522031553089619,-13.079150199890137,-1.3364520072937012,1.2565327882766724,-12.802054405212402,-0.9121555089950562,1.4497636556625366,-12.014570236206055,-4.207793712615967,-1.3895050287246704,-13.5546236038208,-0.9149444103240967,1.6224826574325562,-12.474157333374023,-0.9515931606292725,1.3933590650558472,-11.868912696838379,-0.9825322031974792,1.2751977443695068,-11.620259284973145,-1.6515029668807983,0.9820371270179749,-12.804221153259277,-2.554171323776245,0.07020539045333862,-13.026081085205078,-0.9917796850204468,1.049678921699524,-10.905444145202637,-0.9918217062950134,1.063952922821045,-11.026528358459473,-0.9656399488449097,0.9392777681350708,-10.245845794677734,-0.9386574029922485,0.9992840886116028,-10.673088073730469,-4.225588321685791,-1.6858704090118408,-12.374656677246094,-3.5282797813415527,-0.7285855412483215,-13.354105949401855,-2.1184751987457275,-0.06460238993167877,-10.503881454467773,-4.276579856872559,-1.5470715761184692,-12.956294059753418,-4.117929935455322,-1.8844468593597412,-11.844303131103516,-3.431264638900757,-1.2266045808792114,-10.953536033630371,-0.9960213899612427,1.0470561981201172,-10.731801986694336,-0.936640202999115,0.974851667881012,-10.324460983276367,-1.8131862878799438,0.8478176593780518,-12.845419883728027,-1.0229480266571045,1.173935890197754,-11.266816139221191,-2.829308032989502,-0.09142535924911499,-13.127961158752441,-0.9818378686904907,1.013549566268921,-10.504853248596191,-0.9841464757919312,1.0211471319198608,-10.604109764099121,-1.013542652130127,1.598829984664917,-12.74573040008545,-1.0845190286636353,0.7592063546180725,-9.942407608032227,-2.994793653488159,-0.773400068283081,-10.837335586547852,-1.0793516635894775,1.1452118158340454,-11.11624813079834,-2.8031818866729736,-0.7033885717391968,-10.786324501037598,-3.0778515338897705,-0.34863409399986267,-13.22119140625,-3.890117883682251,-1.0674165487289429,-13.461783409118652,-1.0460816621780396,1.0852824449539185,-10.801251411437988,-0.9611741304397583,1.5300816297531128,-12.14659309387207,-1.8863977193832397,0.1282455325126648,-10.38918685913086,-2.5958096981048584,0.11554483324289322,-13.048116683959961,-3.408308744430542,-0.5436220169067383,-13.324991226196289,-1.0389289855957031,1.2989516258239746,-11.553986549377441,-2.487718343734741,0.252791166305542,-12.999263763427734,-4.225340366363525,-1.6681091785430908,-12.506295204162598,-1.015079379081726,0.800593912601471,-9.987120628356934,-1.6531373262405396,0.3130800426006317,-10.301108360290527,-2.3654041290283203,-0.21992044150829315,-10.561986923217773,-0.9864705801010132,0.9824730753898621,-10.395906448364258,-3.705349922180176,-0.816230833530426,-13.430136680603027,-0.9552037715911865,0.8750272989273071,-10.07552433013916,-3.837939739227295,-0.9416102766990662,-13.46553897857666,-1.0149991512298584,1.187583565711975,-11.492326736450195,-2.088191509246826,0.6383349895477295,-12.89037799835205,-3.8608956336975098,-1.698336124420166,-11.166948318481445,-4.186707973480225,-1.9117501974105835,-11.595465660095215,-1.0472359657287598,1.5732617378234863,-12.256023406982422,-3.7281293869018555,-1.5319868326187134,-11.071309089660645,-4.167282581329346,-1.9509437084197998,-11.331432342529297,-1.540718674659729,1.1914829015731812,-12.765438079833984,-1.0478545427322388,1.2757072448730469,-11.463973045349121,-3.2219765186309814,-0.36132869124412537,-13.256093978881836,-4.324563980102539,-1.5027190446853638,-13.262012481689453,-0.9859619140625,0.9182471632957458,-10.091153144836426,-4.1713175773620605,-1.2208608388900757,-13.58509635925293,-4.096059322357178,-1.8819365501403809,-11.243285179138184,-4.2017741203308105,-1.9509637355804443,-11.427452087402344,-1.0023798942565918,1.6016285419464111,-12.343801498413086,-2.2509140968322754,0.49215441942214966,-12.945650100708008,-2.558950185775757,-0.46175098419189453,-10.667603492736816,-1.1312830448150635,1.5589269399642944,-12.711160659790039,-2.01853346824646,0.813351035118103,-12.835453033447266,-2.0272698402404785,-0.00571421766653657,-10.45708179473877,-1.0611836910247803,1.2408699989318848,-11.312727928161621,-2.7423646450042725,-0.5880229473114014,-10.711884498596191,-1.0251355171203613,1.639675498008728,-12.557004928588867,-2.3988451957702637,0.380638986825943,-12.970033645629883,-4.301550388336182,-1.6112278699874878,-12.610167503356934,-3.0091660022735596,-0.18071743845939636,-13.165184020996094,-4.4157490730285645,-1.4768881797790527,-13.129931449890137,-3.2879624366760254,-1.0179671049118042,-10.877991676330566,-1.0740116834640503,1.108571171760559,-11.007172584533691,-1.3354908227920532,1.401450276374817,-12.729520797729492,-4.011989116668701,-1.0470407009124756,-13.520336151123047,-1.3156722784042358,0.6999966502189636,-10.049163818359375,-4.321497917175293,-1.4605311155319214,-13.351459503173828,-1.0222101211547852,1.5132662057876587,-11.969287872314453,-1.0921854972839355,1.3930655717849731,-11.782642364501953,-1.108720064163208,1.3923217058181763,-11.69527530670166,-4.364681720733643,-1.3151203393936157,-13.708765983581543,-2.2617123126983643,-0.1261984407901764,-10.521116256713867,-4.302546977996826,-1.7774797677993774,-12.047022819519043,-4.352266788482666,-1.6903373003005981,-12.173172950744629,-4.293679714202881,-1.7800071239471436,-11.922689437866211,-3.6377341747283936,-0.6636393070220947,-13.395845413208008,-4.3265838623046875,-1.838716983795166,-11.822457313537598,-1.477477788925171,0.557188093662262,-10.12734317779541,-1.8481932878494263,1.0372010469436646,-12.734315872192383,-3.5255913734436035,-0.585223376750946,-13.35836124420166,-1.0876542329788208,0.9883467555046082,-10.213850975036621,-1.1130592823028564,1.1320793628692627,-10.856671333312988,-3.3592123985290527,-1.1128196716308594,-10.909040451049805,-3.6747398376464844,-1.387508511543274,-10.996939659118652,-2.663573980331421,0.17641772329807281,-13.03618049621582,-4.340992450714111,-1.3777854442596436,-13.452289581298828,-1.1910924911499023,1.2408565282821655,-11.109429359436035,-1.1339294910430908,0.8836925625801086,-10.034551620483398,-1.7137274742126465,1.1088041067123413,-12.723383903503418,-2.932507038116455,0.0035701990127563477,-13.118256568908691,-1.1064121723175049,1.6272525787353516,-12.463299751281738,-1.1486393213272095,1.5623273849487305,-12.131370544433594,-1.2164331674575806,1.1804864406585693,-11.022015571594238,-4.4239397048950195,-1.8927001953125,-11.586034774780273,-4.372951030731201,-1.531537652015686,-12.785233497619629,-1.224619746208191,1.593400239944458,-12.567153930664062,-4.386666297912598,-1.9873486757278442,-11.201361656188965,-3.410675287246704,-0.35191810131073,-13.280263900756836,-2.4865622520446777,0.44768860936164856,-12.95258903503418,-1.1706572771072388,1.0721238851547241,-10.496789932250977,-3.203833818435669,-0.8548997044563293,-10.832393646240234,-4.482290744781494,-1.9232401847839355,-11.414952278137207,-4.417513847351074,-1.572082281112671,-12.459568977355957,-2.249749183654785,0.7020291686058044,-12.864994049072266,-1.2386120557785034,0.8380290269851685,-10.013252258300781,-1.150343656539917,1.3679286241531372,-11.544989585876465,-1.199289083480835,1.2859382629394531,-11.277504920959473,-1.965409755706787,0.957531750202179,-12.736656188964844,-4.145415782928467,-1.7295976877212524,-11.049595832824707,-4.271625995635986,-1.9182552099227905,-11.161331176757812,-1.193535566329956,1.1787781715393066,-10.938486099243164,-1.7480748891830444,0.40638089179992676,-10.291343688964844,-3.9392104148864746,-1.576022744178772,-11.010486602783203,-2.6376662254333496,0.3064078390598297,-13.002129554748535,-3.821040153503418,-0.7312605381011963,-13.440370559692383,-4.425994873046875,-1.312849760055542,-13.546804428100586,-4.396841526031494,-1.509193778038025,-12.62870979309082,-1.267514944076538,1.4428900480270386,-11.749679565429688,-3.9788143634796143,-0.9113494157791138,-13.508829116821289,-2.0484602451324463,0.14705388247966766,-10.407729148864746,-2.133859872817993,0.8493558764457703,-12.779748916625977,-2.487790584564209,-0.24274098873138428,-10.58659553527832,-2.7817771434783936,0.18513880670070648,-13.043342590332031,-3.5366158485412598,-0.4071824252605438,-13.302639961242676,-1.5570429563522339,1.371754765510559,-12.610954284667969,-1.9339672327041626,0.26329436898231506,-10.359519958496094,-4.360349655151367,-1.656657338142395,-12.346175193786621,-1.1748614311218262,1.5083343982696533,-11.898507118225098,-4.456785678863525,-1.6632755994796753,-12.098638534545898,-3.175290584564209,-0.1617262214422226,-13.186600685119629,-3.813894510269165,-1.4550851583480835,-10.98301887512207,-4.184843063354492,-1.0627080202102661,-13.585622787475586,-4.417032718658447,-1.4963464736938477,-12.96271800994873,-1.254493236541748,1.1644142866134644,-10.77456283569336,-1.5846033096313477,0.6740858554840088,-10.18468952178955,-1.779560923576355,0.528111457824707,-10.273509979248047,-1.6902861595153809,1.2211894989013672,-12.682158470153809,-4.392802715301514,-1.7006032466888428,-11.99459171295166,-4.344376087188721,-1.2006725072860718,-13.648844718933105,-4.543119430541992,-1.482196569442749,-13.823762893676758,-4.527069091796875,-1.3985865116119385,-13.823480606079102,-4.494304180145264,-1.2846074104309082,-13.722088813781738,-4.544649124145508,-1.9384735822677612,-11.35236930847168,-4.478049278259277,-1.4377174377441406,-13.429646492004395,-2.9317593574523926,-0.5132032632827759,-10.70353889465332,-4.466409206390381,-1.3586584329605103,-13.676277160644531,-4.198228359222412,-1.8082095384597778,-11.117706298828125,-4.567209243774414,-1.3816519975662231,-13.594274520874023,-4.594114780426025,-1.4387378692626953,-13.69095516204834,-1.2781087160110474,1.591062068939209,-12.396014213562012,-1.2663341760635376,0.9088998436927795,-10.091973304748535,-2.2492856979370117,0.04722039774060249,-10.484362602233887,-1.4016958475112915,1.5437415838241577,-12.448661804199219,-1.4968253374099731,1.4661229848861694,-12.52739429473877,-2.6427066326141357,-0.32245317101478577,-10.638863563537598,-4.514437675476074,-1.455759882926941,-12.761571884155273,-3.669158697128296,-1.24101722240448,-10.921370506286621,-4.448537349700928,-1.810900092124939,-11.775003433227539,-1.2694798707962036,1.0198023319244385,-10.307637214660645,-4.546140670776367,-1.3785902261734009,-13.267757415771484,-3.503781318664551,-0.9927061796188354,-10.844802856445312,-3.9331324100494385,-0.7046642303466797,-13.444591522216797,-4.129465579986572,-0.8855423927307129,-13.531075477600098,-3.267213821411133,-0.07979453355073929,-13.146136283874512,-4.432834625244141,-1.7512755393981934,-11.898633003234863,-1.7940479516983032,1.2625398635864258,-12.582682609558105,-2.021688222885132,0.38442176580429077,-10.37412166595459,-2.4296348094940186,-0.044132620096206665,-10.540971755981445,-3.1471774578094482,-0.6538112163543701,-10.781028747558594,-4.4835381507873535,-1.6102651357650757,-12.190459251403809,-4.529207229614258,-1.84975004196167,-11.592034339904785,-2.7853646278381348,-0.35638564825057983,-10.647516250610352,-1.4456238746643066,1.5504186153411865,-12.097007751464844,-1.3644176721572876,1.4417550563812256,-11.62125015258789,-1.31821870803833,1.3491244316101074,-11.354569435119629,-4.38052225112915,-1.854028582572937,-11.092126846313477,-2.951899766921997,0.20059239864349365,-13.031925201416016,-3.73427677154541,-0.5144221186637878,-13.357118606567383,-4.560050964355469,-1.408829927444458,-13.432058334350586,-4.569521903991699,-1.3264153003692627,-13.698219299316406,-1.4837329387664795,0.8380840420722961,-10.201233863830566,-4.230541229248047,-0.9038662314414978,-13.558737754821777,-4.532844543457031,-1.4240732192993164,-12.919919967651367,-1.3683048486709595,1.3217707872390747,-11.177026748657227,-4.545326232910156,-1.9745519161224365,-11.10969066619873,-2.628159999847412,0.5560724139213562,-12.881092071533203,-2.350290060043335,0.7644293308258057,-12.79865837097168,-2.7853565216064453,0.3358123302459717,-12.975378036499023,-2.1069207191467285,0.27350589632987976,-10.402517318725586,-1.4374092817306519,0.9638054966926575,-10.269695281982422,-4.082489013671875,-0.7510353922843933,-13.466780662536621,-4.317868232727051,-1.0097460746765137,-13.606229782104492,-4.539932727813721,-1.413017988204956,-13.070493698120117,-1.383283257484436,1.5091252326965332,-11.983315467834473,-2.6728718280792236,-0.17950625717639923,-10.61121654510498,-4.391443729400635,-1.0568063259124756,-13.577888488769531,-4.480716705322266,-1.775017261505127,-11.734617233276367,-1.3893321752548218,1.144673466682434,-10.67007827758789,-4.527723789215088,-1.515730381011963,-12.375646591186523,-4.072651386260986,-1.511481523513794,-10.949374198913574,-2.053581953048706,1.0749104022979736,-12.598796844482422,-1.4208656549453735,1.5520457029342651,-12.316866874694824,-1.3786675930023193,1.2742265462875366,-11.080083847045898,-2.258913040161133,0.15817125141620636,-10.465301513671875,-3.8183417320251465,-1.206531286239624,-10.901233673095703,-4.425892353057861,-1.7993839979171753,-10.995189666748047,-1.94039785861969,0.4983464181423187,-10.358935356140137,-3.4083092212677,-0.8754889965057373,-10.828137397766113,-1.4008859395980835,1.546239972114563,-12.200892448425293,-3.132227659225464,0.15947166085243225,-13.013073921203613,-3.5575344562530518,-0.24764060974121094,-13.216144561767578,-4.560746192932129,-1.2312886714935303,-13.627171516418457,-4.529058456420898,-1.6890571117401123,-11.893380165100098,-4.5409932136535645,-1.7401072978973389,-11.774945259094238,-1.5001955032348633,1.0979067087173462,-10.587824821472168,-2.8042311668395996,-0.21933148801326752,-10.65408992767334,-1.42073392868042,1.2578848600387573,-10.975092887878418,-3.3703536987304688,-0.7369827628135681,-10.793909072875977,-4.5954437255859375,-1.2286500930786133,-13.539158821105957,-4.182332515716553,-0.7851588726043701,-13.473811149597168,-4.595560550689697,-1.2758896350860596,-13.364751815795898,-4.511363983154297,-1.4207310676574707,-12.626416206359863,-4.630525588989258,-1.9075114727020264,-11.164250373840332,-3.981407403945923,-0.5575680732727051,-13.349679946899414,-3.8572890758514404,-0.4919385313987732,-13.328210830688477,-1.8493958711624146,0.6105808019638062,-10.30965518951416,-4.637646198272705,-1.8030678033828735,-11.491600036621094,-1.7202982902526855,0.7705385088920593,-10.297738075256348,-2.4524295330047607,0.12844790518283844,-10.551196098327637,-1.6081352233886719,1.4708095788955688,-12.35603141784668,-1.5737465620040894,1.0154489278793335,-10.441341400146484,-1.5273675918579102,1.4743695259094238,-11.814308166503906,-4.3094258308410645,-1.6862766742706299,-10.975790023803711,-3.9861762523651123,-1.261516809463501,-10.90680980682373,-4.554961681365967,-1.5320994853973389,-12.186728477478027,-4.607152462005615,-1.6403357982635498,-11.845738410949707,-4.572500705718994,-1.14164137840271,-13.617554664611816,-4.60225772857666,-1.7513986825942993,-11.649670600891113,-4.582822799682617,-1.3152209520339966,-13.056723594665527,-2.676060438156128,-0.07033248990774155,-10.62218189239502,-3.179405927658081,-0.4792005121707916,-10.750691413879395,-2.255587100982666,0.9622162580490112,-12.6342134475708,-4.67268180847168,-1.9240624904632568,-11.237945556640625,-3.4719865322113037,-0.06993142515420914,-13.102084159851074,-3.263144016265869,0.09139498323202133,-13.029674530029297,-4.489335060119629,-1.1032965183258057,-13.578083992004395,-3.7494418621063232,-1.0227673053741455,-10.886794090270996,-4.6320719718933105,-1.7089768648147583,-11.734475135803223,-4.309428691864014,-1.5899454355239868,-10.948582649230957,-4.64613151550293,-1.9411932229995728,-11.07468032836914,-1.574373722076416,1.5141687393188477,-12.209195137023926,-1.5376571416854858,1.3729770183563232,-11.363375663757324,-2.1358420848846436,0.4785783886909485,-10.440357208251953,-4.604758262634277,-1.2824885845184326,-12.797866821289062,-2.3002636432647705,0.2924330234527588,-10.482831954956055,-4.637977600097656,-1.8768514394760132,-11.003317832946777,-3.589923858642578,-0.8567801713943481,-10.849623680114746,-1.779181957244873,1.376770257949829,-12.382390975952148,-2.9724409580230713,0.39442434906959534,-12.89065170288086,-2.9266140460968018,-0.2904594838619232,-10.679496765136719,-4.467601299285889,-0.9553663730621338,-13.479214668273926,-4.5459885597229,-1.5654326677322388,-12.008525848388672,-4.576926231384277,-1.325332522392273,-12.653685569763184,-4.720443248748779,-1.8322019577026367,-11.39955997467041,-2.733121395111084,0.589861273765564,-12.827766418457031,-4.083296298980713,-1.2558234930038452,-10.91441822052002,-4.577037811279297,-1.349927306175232,-12.429938316345215,-3.3170061111450195,-0.605108380317688,-10.784980773925781,-3.817849636077881,-0.3109154999256134,-13.199959754943848,-1.9737160205841064,1.219557285308838,-12.458503723144531,-2.6764097213745117,0.06490530073642731,-10.622321128845215,-3.5255696773529053,-0.7665311694145203,-10.831135749816895,-2.5968728065490723,0.19900727272033691,-10.62820816040039,-4.1412224769592285,-1.3987385034561157,-10.921741485595703,-4.6248955726623535,-1.2279502153396606,-13.120071411132812,-2.4634668827056885,0.8181493282318115,-12.693717002868652,-1.6966581344604492,1.2131739854812622,-10.949705123901367,-2.2124216556549072,1.1385490894317627,-12.393417358398438,-4.498507022857666,-1.7292169332504272,-10.96849250793457,-4.6272807121276855,-1.1767393350601196,-13.24744701385498,-1.7373030185699463,1.4402421712875366,-11.998123168945312,-3.9556193351745605,-1.093794584274292,-10.908951759338379,-4.570828437805176,-1.4473904371261597,-12.027518272399902,-3.0805130004882812,-0.31675970554351807,-10.723644256591797,-1.766472339630127,1.4359989166259766,-12.250673294067383,-4.6889448165893555,-1.770737886428833,-11.506040573120117,-4.600454807281494,-1.0737380981445312,-13.29086971282959,-1.6667687892913818,1.29362154006958,-11.1345796585083,-4.610376358032227,-1.0574716329574585,-13.459424018859863,-4.783740520477295,-1.9232914447784424,-11.154703140258789,-4.749255180358887,-1.941627860069275,-11.00324535369873,-1.7828420400619507,0.9209613800048828,-10.461828231811523,-1.7653682231903076,1.4624011516571045,-12.119498252868652,-2.048321485519409,0.6717701554298401,-10.476730346679688,-4.633028507232666,-1.2135893106460571,-12.904045104980469,-3.925370931625366,-1.0040597915649414,-10.904767990112305,-4.582469940185547,-1.4675322771072388,-12.165229797363281,-4.176259517669678,-0.631131112575531,-13.335871696472168,-1.940503478050232,0.8546427488327026,-10.510780334472656,-2.802488327026367,-0.040291715413331985,-10.658366203308105,-3.634692430496216,-0.1017945259809494,-13.070359230041504,-1.6665213108062744,1.440937876701355,-11.750658988952637,-3.0013039112091064,-0.14485889673233032,-10.718853950500488,-3.204847812652588,0.3182121217250824,-12.856657981872559,-4.660428047180176,-1.508514642715454,-11.899446487426758,-4.68242073059082,-1.695812702178955,-11.592905044555664,-1.9873878955841064,1.2699623107910156,-12.325468063354492,-2.7135941982269287,0.710587739944458,-12.696608543395996,-4.777665138244629,-2.007227897644043,-10.994012832641602,-4.688811302185059,-1.5757908821105957,-11.719416618347168,-4.308413028717041,-1.4416512250900269,-10.945140838623047,-4.629851341247559,-1.374808430671692,-12.226912498474121,-1.7617003917694092,1.0448490381240845,-10.627774238586426,-1.7097300291061401,1.3591912984848022,-11.416037559509277,-2.3910844326019287,0.4024098813533783,-10.566328048706055,-4.412115097045898,-0.7631889581680298,-13.330161094665527,-2.418090343475342,1.0000017881393433,-12.45419692993164,-1.8674269914627075,1.0728044509887695,-10.753026008605957,-3.592951536178589,-0.6419236660003662,-10.847925186157227,-3.8286333084106445,-0.8756436705589294,-10.907094955444336,-4.555995464324951,-1.684539556503296,-10.991133689880371,-4.774373531341553,-1.8057663440704346,-11.286127090454102,-1.9710627794265747,1.3436139822006226,-12.274821281433105,-2.9672794342041016,0.5336775779724121,-12.756209373474121,-4.602682590484619,-1.2704052925109863,-12.577775955200195,-3.776289224624634,-0.16518190503120422,-13.073140144348145,-4.622104644775391,-1.3544191122055054,-12.060440063476562,-4.634357929229736,-1.1209125518798828,-13.06230640411377,-3.4128074645996094,0.10498657077550888,-12.95456314086914,-1.8933331966400146,1.376763939857483,-12.025214195251465,-4.444645881652832,-1.5122816562652588,-10.972740173339844,-4.796740531921387,-1.8699016571044922,-11.0480375289917,-2.1008455753326416,0.7562251091003418,-10.56493854522705,-4.231422424316406,-1.2861424684524536,-10.953278541564941,-4.6183390617370605,-1.2222219705581665,-12.38425064086914,-3.482834815979004,-0.5282084941864014,-10.828476905822754,-4.7649006843566895,-1.7155945301055908,-11.406309127807617,-4.849294185638428,-1.9379360675811768,-11.057887077331543,-4.58496618270874,-0.912798285484314,-13.309311866760254,-3.3390233516693115,-0.36657097935676575,-10.79923152923584,-3.7298424243927,-0.7573957443237305,-10.90811824798584,-4.675309658050537,-1.487648844718933,-11.818794250488281,-4.873897075653076,-1.9688889980316162,-10.91235637664795,-1.8919390439987183,1.359562873840332,-11.724030494689941,-3.192356586456299,-0.19802461564540863,-10.775774955749512,-4.763643741607666,-1.718919277191162,-11.153556823730469,-4.132848739624023,-0.402866929769516,-13.116150856018066,-4.649383544921875,-1.210888385772705,-12.516668319702148,-4.697569370269775,-1.7273979187011719,-11.065277099609375,-4.6555070877075195,-1.042790412902832,-12.930135726928711,-4.539613723754883,-0.8539653420448303,-13.302143096923828,-4.647165775299072,-1.1494632959365845,-12.66450309753418,-4.92360258102417,-1.943913459777832,-10.975152969360352,-4.66485071182251,-1.3839607238769531,-11.97490406036377,-4.79339599609375,-1.7096530199050903,-11.242295265197754,-4.818426609039307,-1.8074361085891724,-11.12032699584961,-2.2945456504821777,1.1553020477294922,-12.359628677368164,-4.306666374206543,-0.5649349689483643,-13.179421424865723,-2.0571985244750977,1.2765096426010132,-12.097731590270996,-4.766056060791016,-1.5861692428588867,-11.446720123291016,-4.598479270935059,-0.9353740215301514,-13.08395767211914,-1.8635823726654053,1.2941477298736572,-11.344964981079102,-2.13839054107666,1.2600886821746826,-12.231839179992676,-2.2579686641693115,0.7417662143707275,-10.675592422485352,-2.4720282554626465,0.5287501811981201,-10.681096076965332,-2.586836338043213,0.3632719814777374,-10.672256469726562,-1.89817214012146,1.1749505996704102,-11.016976356506348,-4.119260787963867,-1.1074804067611694,-10.95577335357666,-4.655704021453857,-1.1914591789245605,-12.13394546508789,-2.0932421684265137,0.8974109888076782,-10.683696746826172,-4.4768500328063965,-1.3776309490203857,-11.005419731140137,-4.625333309173584,-1.499299168586731,-11.072725296020508,-2.7397878170013428,0.7847582697868347,-12.523563385009766,-2.929786443710327,0.13083013892173767,-10.762674331665039,-4.01708984375,-0.27281588315963745,-13.028429985046387,-4.729884147644043,-1.5337694883346558,-11.615215301513672,-4.689508438110352,-1.3782528638839722,-11.878714561462402,-2.011002540588379,1.319077968597412,-11.908258438110352,-3.463378429412842,0.15949282050132751,-12.839873313903809,-4.8099589347839355,-1.6975882053375244,-11.09171199798584,-2.674879312515259,0.8999033570289612,-12.470903396606445,-3.174151659011841,0.5087282657623291,-12.644593238830566,-2.0702016353607178,1.282019019126892,-11.717464447021484,-4.7159342765808105,-1.43828284740448,-11.698260307312012,-4.535387992858887,-0.8421072959899902,-13.103060722351074,-2.3152575492858887,1.1806782484054565,-12.249368667602539,-2.7204248905181885,0.3354266881942749,-10.746726036071777,-3.729681968688965,0.05898834764957428,-12.788825035095215,-4.461066246032715,-0.6732970476150513,-13.177961349487305,-4.402817249298096,-1.1926110982894897,-11.03696346282959,-4.62680196762085,-0.9609705805778503,-12.758713722229004,-2.0698256492614746,1.099039912223816,-10.99547290802002,-2.0309362411499023,1.2607167959213257,-11.49585247039795,-4.079683303833008,-0.894416868686676,-10.99002456665039,-4.1150054931640625,-1.0102198123931885,-10.97231674194336,-4.687774181365967,-1.2324113845825195,-12.009115219116211,-2.316382884979248,1.159951090812683,-12.114706039428711,-2.306621789932251,1.1794451475143433,-11.949862480163574,-4.657211780548096,-1.0678861141204834,-12.463114738464355,-3.9144725799560547,-0.7591442465782166,-10.955023765563965,-2.1839513778686523,1.2380175590515137,-11.870811462402344,-2.0664803981781006,1.210976243019104,-11.327227592468262,-2.5594422817230225,1.0094174146652222,-12.344493865966797,-4.4807448387146,-0.6878213882446289,-13.079066276550293,-3.5202291011810303,-0.37747907638549805,-10.871663093566895,-3.6541099548339844,-0.4606303572654724,-10.921847343444824,-3.9116222858428955,-0.0808575227856636,-12.854494094848633,-4.635306358337402,-1.0521810054779053,-12.222504615783691,-3.516336441040039,0.19181545078754425,-12.718920707702637,-4.540857791900635,-0.7896575331687927,-12.863077163696289,-4.8021368980407715,-1.5513546466827393,-11.330713272094727,-2.2442078590393066,0.9341661334037781,-10.901226043701172,-3.133755922317505,0.07894951105117798,-10.86874771118164,-3.783851385116577,-0.5541487336158752,-10.99587345123291,-4.309718608856201,-1.0689691305160522,-11.037358283996582,-2.4565277099609375,0.7111876606941223,-10.820816993713379,-2.8933115005493164,0.7625101208686829,-12.54274845123291,-4.2663493156433105,-0.39457041025161743,-12.969141006469727,-4.794046878814697,-1.4488872289657593,-11.389599800109863,-4.742636680603027,-1.5175621509552002,-11.252948760986328,-4.765244960784912,-1.531645655632019,-11.142874717712402,-2.27299165725708,1.1484276056289673,-11.5067777633667,-4.710928440093994,-1.2730191946029663,-11.821357727050781,-2.4566030502319336,1.0929028987884521,-12.050007820129395,-2.214649200439453,1.098405122756958,-11.20776653289795,-2.672853469848633,0.9179073572158813,-12.293832778930664,-2.264559745788574,1.1802539825439453,-11.716124534606934,-4.747862339019775,-1.3655084371566772,-11.563724517822266,-3.4255638122558594,-0.16864332556724548,-10.896483421325684,-2.7048141956329346,0.4969775080680847,-10.838740348815918,-2.8657546043395996,0.3808082640171051,-10.893592834472656,-4.601353168487549,-1.3491734266281128,-11.08592414855957,-4.688683032989502,-1.462124228477478,-11.072139739990234,-2.448012590408325,0.7749214172363281,-10.885809898376465,-3.249906539916992,0.5258757472038269,-12.627220153808594,-4.475834846496582,-0.5561122298240662,-12.91595458984375,-3.0488131046295166,0.6896111965179443,-12.458868980407715,-4.384353160858154,-0.4708380103111267,-12.971673011779785,-4.623410224914551,-0.9012202024459839,-12.606383323669434,-4.577807903289795,-0.7902253866195679,-12.679043769836426,-4.728612422943115,-1.2240827083587646,-11.590267181396484,-4.63475227355957,-0.9187237024307251,-12.38773250579834,-2.8276596069335938,0.7963988184928894,-12.308310508728027,-3.085113286972046,0.2822255492210388,-10.985002517700195,-2.411201238632202,1.0968801975250244,-11.696629524230957,-2.441077709197998,0.8922557830810547,-11.075122833251953,-2.6603524684906006,0.9604035019874573,-12.074101448059082,-2.853240728378296,0.8173771500587463,-12.186113357543945,-3.915621757507324,-0.4916018843650818,-11.095264434814453,-2.517547845840454,1.0553690195083618,-11.897086143493652,-4.4318766593933105,-0.9923354387283325,-11.15694808959961,-4.709299087524414,-1.3732376098632812,-11.285419464111328,-3.5352885723114014,0.2607205808162689,-12.714415550231934,-4.663865089416504,-0.9950672388076782,-12.081875801086426,-4.4772210121154785,-0.5919945240020752,-12.778464317321777,-4.071451663970947,-0.7055345177650452,-11.075518608093262,-4.573734760284424,-1.1667519807815552,-11.141091346740723,-2.3968887329101562,1.0365797281265259,-11.349203109741211,-2.6122512817382812,0.7412549257278442,-11.033390045166016,-4.707183361053467,-1.3481560945510864,-11.139253616333008,-3.7877438068389893,-0.41012006998062134,-11.065713882446289,-2.501666307449341,0.9279715418815613,-11.235490798950195,-3.8910670280456543,0.007316018454730511,-12.81291389465332,-2.708824872970581,0.9338705539703369,-11.88205623626709,-2.4618544578552246,1.0422371625900269,-11.525984764099121,-4.681338310241699,-1.0474293231964111,-11.748357772827148,-2.855621099472046,0.5838744640350342,-11.110453605651855,-4.220104217529297,-0.8025669455528259,-11.121383666992188,-4.664042949676514,-0.9847024083137512,-11.883139610290527,-3.4620375633239746,0.3625420928001404,-12.588702201843262,-3.673872232437134,0.18088525533676147,-12.67323112487793,-4.160172462463379,-0.23881252110004425,-12.904311180114746,-4.499264240264893,-0.602950394153595,-12.627923965454102,-3.2525224685668945,0.564775288105011,-12.48772144317627,-4.598715782165527,-0.7983892560005188,-12.341567039489746,-2.841075897216797,0.84196537733078,-11.94736385345459,-3.3334202766418457,0.06927255541086197,-10.988166809082031,-2.575526237487793,1.0030243396759033,-11.669363021850586,-3.011751890182495,0.43349307775497437,-11.090595245361328,-3.6071012020111084,-0.1526159942150116,-11.050158500671387,-2.947556495666504,0.7712811231613159,-12.085469245910645,-4.714678764343262,-1.1791691780090332,-11.43050479888916,-4.568534851074219,-0.792334258556366,-12.213190078735352,-2.6348495483398438,0.8783445358276367,-11.342818260192871,-2.7064976692199707,0.776756763458252,-11.242981910705566,-3.0821142196655273,0.6778191924095154,-12.17379379272461,-4.64768123626709,-1.1699327230453491,-11.341094017028809,-3.3868396282196045,0.4370281994342804,-12.437800407409668,-3.625121831893921,0.19206573069095612,-12.539094924926758,-2.6264402866363525,0.9290276169776917,-11.486260414123535,-3.588494062423706,0.2891239523887634,-12.328995704650879,-3.968567132949829,-0.009553208015859127,-12.714461326599121,-3.242030143737793,0.5663013458251953,-12.292640686035156,-4.5921525955200195,-1.0920050144195557,-11.227433204650879,-2.7607290744781494,0.8879283666610718,-11.694363594055176,-4.3320231437683105,-0.36494264006614685,-12.820999145507812,-4.628151893615723,-0.8572817444801331,-11.974056243896484,-3.129706382751465,0.6500819325447083,-12.08598804473877,-3.753556728363037,0.15136569738388062,-12.433978080749512,-4.489218711853027,-0.5867973566055298,-12.47741413116455,-2.8881590366363525,0.6768003702163696,-11.324162483215332,-2.826847791671753,0.8080118894577026,-11.580941200256348,-2.9297373294830322,0.7728424668312073,-11.838729858398438,-4.430588722229004,-0.8780113458633423,-11.242136001586914,-4.681682586669922,-1.0556286573410034,-11.579244613647461,-4.171700954437256,-0.23707696795463562,-12.709760665893555,-3.932616710662842,0.016484294086694717,-12.541747093200684,-2.810228109359741,0.7788649201393127,-11.44281005859375,-3.3732311725616455,0.15030543506145477,-11.105751037597656,-3.8307783603668213,-0.25737684965133667,-11.2045259475708,-3.111924886703491,0.6420029401779175,-11.856940269470215,-3.0883443355560303,0.5527748465538025,-11.398799896240234,-3.1512467861175537,0.40317752957344055,-11.214482307434082,-4.377050876617432,-0.41867795586586,-12.646100997924805,-4.130997180938721,-0.6202249526977539,-11.173810958862305,-4.550776481628418,-0.7118346095085144,-12.09579086303711,-3.4239349365234375,0.438297837972641,-12.191643714904785,-4.518618583679199,-0.6360660791397095,-12.318611145019531,-2.988950252532959,0.6659175753593445,-11.500269889831543,-3.071648120880127,0.6664390563964844,-11.752525329589844,-4.542046070098877,-0.9324782490730286,-11.378011703491211,-3.9955224990844727,-0.047846823930740356,-12.609657287597656,-4.638216495513916,-1.0000076293945312,-11.49184799194336,-3.752190351486206,0.17422586679458618,-12.262408256530762,-3.273481845855713,0.5439620018005371,-12.001632690429688,-2.984342336654663,0.70543372631073,-11.641825675964355,-4.1855788230896,-0.2140987515449524,-12.577005386352539,-4.288209438323975,-0.6615827679634094,-11.30501651763916,-3.8969409465789795,0.062093544751405716,-12.38687801361084,-4.023481845855713,-0.418321430683136,-11.243998527526855,-4.574656009674072,-0.7673259377479553,-11.942028045654297,-4.608187675476074,-0.861249566078186,-11.756741523742676,-3.3337459564208984,0.28732410073280334,-11.252517700195312,-3.7949469089508057,-0.10929153859615326,-11.318267822265625,-3.3091726303100586,0.4903348982334137,-11.798556327819824,-4.405324459075928,-0.43554461002349854,-12.326766967773438,-3.265362024307251,0.40764349699020386,-11.395098686218262,-4.289515972137451,-0.29485511779785156,-12.348514556884766,-3.463599920272827,0.14628560841083527,-11.20433521270752,-3.6174447536468506,0.03212732449173927,-11.255475997924805,-4.138745307922363,-0.4507690668106079,-11.33897590637207,-4.589755058288574,-0.8758772015571594,-11.55943489074707,-3.387610673904419,0.4490607976913452,-11.93120288848877,-3.217411756515503,0.5200713872909546,-11.605295181274414,-4.182401657104492,-0.18852868676185608,-12.439201354980469,-4.454694747924805,-0.5247697234153748,-12.161802291870117,-4.455954074859619,-0.7574087381362915,-11.431867599487305,-3.5554239749908447,0.3330923914909363,-12.077381134033203,-4.053809642791748,-0.06262173503637314,-12.33356761932373,-3.7126190662384033,0.2038854956626892,-12.055651664733887,-3.3854053020477295,0.37837862968444824,-11.564882278442383,-3.4305357933044434,0.28215262293815613,-11.397644996643066,-4.4847235679626465,-0.6058646440505981,-11.896566390991211,-4.517167568206787,-0.692855715751648,-11.745896339416504,-3.4497110843658447,0.3880324363708496,-11.825753211975098,-4.295743465423584,-0.547187089920044,-11.460094451904297,-3.977062702178955,-0.2380329966545105,-11.384663581848145,-3.641749143600464,0.10791203379631042,-11.431241989135742,-4.458732604980469,-0.6667119264602661,-11.580358505249023,-3.9573185443878174,0.017780162394046783,-12.170745849609375,-4.066209316253662,-0.07275622338056564,-12.156194686889648,-4.400108814239502,-0.44598743319511414,-12.080991744995117,-4.172463417053223,-0.1705499291419983,-12.194960594177246,-3.634934186935425,0.22960805892944336,-11.810495376586914,-3.5757296085357666,0.22065307199954987,-11.589486122131348,-4.1804680824279785,-0.33320415019989014,-11.603805541992188,-3.826533317565918,0.11249850690364838,-12.020609855651855,-3.757624864578247,0.10612770915031433,-11.715673446655273,-3.890068531036377,-0.08114764094352722,-11.504427909851074,-4.338303565979004,-0.4673524498939514,-11.696002960205078,-4.011702537536621,-0.15157298743724823,-11.614520072937012,-4.25851583480835,-0.2695543169975281,-12.066215515136719,-3.8502163887023926,0.002882743254303932,-11.632184028625488,-3.92529296875,0.01967509090900421,-11.907432556152344,-4.295395851135254,-0.34725329279899597,-11.893418312072754,-4.117862701416016,-0.152551531791687,-11.918021202087402
