/home/arvardaz/SFT_with_CNN/output1/1488972736.6113582_3066.png,2.9432671070098877,-0.4559616148471832,-14.165971755981445,2.9451615810394287,-0.2358277142047882,-14.368572235107422,3.0607473850250244,-0.1553894728422165,-14.040881156921387,2.866161823272705,-0.4669583737850189,-14.36280345916748,3.0124776363372803,-0.04087723791599274,-14.297134399414062,3.006734609603882,0.1296675056219101,-14.439241409301758,2.914461374282837,-0.0542670339345932,-14.583154678344727,2.950632095336914,0.18196479976177216,-14.614672660827637,3.049149990081787,0.10755310207605362,-14.266236305236816,3.013596534729004,-0.4044465720653534,-13.960860252380371,2.8485896587371826,-0.25761446356773376,-14.593427658081055,3.0580360889434814,-0.34221333265304565,-13.75749397277832,2.9879651069641113,0.26078206300735474,-14.52966022491455,3.1042981147766113,0.13572224974632263,-13.952475547790527,2.945727825164795,-0.5892907381057739,-13.974264144897461,2.7413241863250732,-0.41940951347351074,-14.671939849853516,2.8436286449432373,0.019632015377283096,-14.782514572143555,3.10205078125,-0.06468429416418076,-13.791950225830078,3.0768160820007324,0.39254382252693176,-14.24886703491211,3.0737814903259277,0.27149900794029236,-14.22708511352539,3.102414608001709,0.2823505401611328,-14.072286605834961,2.797210454940796,-0.7666217684745789,-14.1768159866333,2.771782398223877,-0.11997990310192108,-14.851855278015137,3.041905403137207,0.4912184774875641,-14.400472640991211,2.880319833755493,-0.7946237921714783,-13.872231483459473,2.6793291568756104,-0.6401370763778687,-14.574204444885254,2.9957616329193115,-0.5765453577041626,-13.729503631591797,2.885794162750244,0.3582465946674347,-14.777344703674316,2.9213130474090576,0.4390668272972107,-14.717325210571289,2.967270851135254,0.5359640717506409,-14.617473602294922,3.0722365379333496,-0.33853694796562195,-13.576138496398926,2.7905073165893555,0.15278632938861847,-14.920806884765625,2.673229932785034,-0.8844358921051025,-14.293973922729492,2.6854662895202637,-0.2614726424217224,-14.919168472290039,3.1134033203125,0.15021395683288574,-13.76744270324707,3.1049232482910156,-0.09310571104288101,-13.58902359008789,2.8135793209075928,0.3283139169216156,-14.890972137451172,3.0637993812561035,0.5681945085525513,-14.290701866149902,2.9520249366760254,-0.8101767301559448,-13.544699668884277,3.1081185340881348,0.46073564887046814,-14.056281089782715,3.1176438331604004,0.48662516474723816,-13.924756050109863,2.609187602996826,-0.5721884369850159,-14.752281188964844,2.7008023262023926,0.16231441497802734,-15.076714515686035,2.6658642292022705,-0.0677613839507103,-15.067317008972168,3.0129587650299072,-0.6528216600418091,-13.379388809204102,3.0878734588623047,0.5814881920814514,-14.174999237060547,2.765291690826416,0.31258150935173035,-14.995272636413574,2.875803232192993,0.5197842717170715,-14.763391494750977,2.7745485305786133,-1.0756756067276,-13.828453063964844,2.8670148849487305,-1.032052755355835,-13.59810733795166,3.0108864307403564,0.6158745884895325,-14.458072662353516,2.607738733291626,-0.8719335198402405,-14.401182174682617,3.0810110569000244,-0.18265624344348907,-13.352237701416016,2.587359666824341,-0.46581074595451355,-14.895809173583984,2.5973293781280518,-0.2593465745449066,-15.047417640686035,2.9347712993621826,-0.9868460297584534,-13.37772274017334,3.114009380340576,0.32098498940467834,-13.72991943359375,2.657317638397217,-1.0624966621398926,-14.0988187789917,3.059406042098999,-0.38524386286735535,-13.393521308898926,2.8391621112823486,0.4558497369289398,-14.874361038208008,3.1069118976593018,0.09364993870258331,-13.502930641174316,2.9525718688964844,0.7772617340087891,-14.579530715942383,3.034884452819824,0.6914587020874023,-14.40824031829834,2.9913854598999023,-0.8609641194343567,-13.187858581542969,2.604935884475708,0.1022203117609024,-15.227088928222656,2.54670786857605,-0.19702738523483276,-15.188945770263672,2.8752074241638184,0.5923373699188232,-14.774770736694336,3.0294485092163086,-0.5965074896812439,-13.147769927978516,2.6066462993621826,-1.289588212966919,-13.953733444213867,2.751767873764038,-1.2911046743392944,-13.630449295043945,2.867658853530884,-1.2557851076126099,-13.282960891723633,2.945741653442383,-1.085861325263977,-13.114846229553223,3.076026439666748,0.7536982297897339,-14.204388618469238,3.0914418697357178,0.7065000534057617,-14.040846824645996,3.1058473587036133,0.2409820407629013,-13.526200294494629,2.535557985305786,0.08731618523597717,-15.359119415283203,2.9941844940185547,0.775152325630188,-14.47853946685791,2.7801008224487305,-1.4572951793670654,-13.313508987426758,2.654080629348755,0.33689290285110474,-15.16207218170166,3.046154260635376,-0.36242708563804626,-13.17489242553711,2.7344419956207275,0.4942966103553772,-15.005772590637207,2.751086711883545,0.5934212803840637,-14.959981918334961,2.4780969619750977,-0.44843289256095886,-15.05644416809082,2.775675058364868,0.7122626900672913,-14.869589805603027,3.089510917663574,0.8911805748939514,-14.099547386169434,3.0580976009368896,0.9311213493347168,-14.300955772399902,2.66084361076355,-1.4900308847427368,-13.605504989624023,2.5532402992248535,-0.8243203163146973,-14.556591033935547,2.4511821269989014,-0.22051799297332764,-15.286735534667969,2.902959108352661,-1.3033256530761719,-12.861538887023926,3.0596415996551514,0.02418065257370472,-13.22691822052002,3.0927822589874268,0.808540403842926,-13.921022415161133,3.1101691722869873,0.5661932229995728,-13.784136772155762,3.0011842250823975,0.9328482151031494,-14.418401718139648,2.5224249362945557,-1.0851279497146606,-14.308616638183594,2.9117624759674072,0.7891644835472107,-14.656843185424805,2.993144989013672,-0.8951013088226318,-12.91264820098877,2.7572226524353027,-1.6111409664154053,-13.128445625305176,2.430819511413574,-1.2436004877090454,-14.223031044006348,2.5286319255828857,-1.4988332986831665,-13.849958419799805,2.4208052158355713,-0.7494503855705261,-14.786293029785156,2.854508876800537,-1.4435820579528809,-12.963726043701172,2.4564335346221924,0.03888649120926857,-15.4639892578125,2.347174644470215,-0.4438096880912781,-15.180769920349121,2.512514591217041,0.28735050559043884,-15.369539260864258,3.076653003692627,0.9788256287574768,-14.188578605651855,2.660644769668579,-1.647146463394165,-13.383952140808105,2.9381799697875977,-1.146389365196228,-12.793638229370117,2.3723385334014893,-0.6117405891418457,-14.980262756347656,2.472566843032837,0.1614893674850464,-15.398200988769531,2.5697519779205322,0.45542874932289124,-15.22018051147461,3.0686118602752686,0.4637909233570099,-13.484650611877441,3.0218069553375244,-0.5910097360610962,-12.959494590759277,2.38220477104187,-0.12674590945243835,-15.436906814575195,2.6175472736358643,0.597436249256134,-15.09267807006836,3.0203819274902344,-0.22463883459568024,-13.07552433013916,3.054940938949585,0.18697980046272278,-13.296660423278809,2.8405067920684814,-1.554225206375122,-12.70024585723877,2.4171977043151855,-0.9357652068138123,-14.574307441711426,2.7233076095581055,-1.8033558130264282,-12.88391399383545,2.9408092498779297,0.9842426180839539,-14.520132064819336,3.034416913986206,1.025668978691101,-14.289626121520996,3.044504404067993,1.1276296377182007,-14.224435806274414,2.4106030464172363,-1.4194788932800293,-14.07573413848877,2.665483236312866,0.7604139447212219,-14.951205253601074,2.851961851119995,0.9775518178939819,-14.609758377075195,3.0762362480163574,0.8252090215682983,-13.770306587219238,3.068380832672119,0.6162605285644531,-13.595242500305176,2.4893157482147217,-1.6617116928100586,-13.706544876098633,2.598446846008301,-1.9026440382003784,-13.130667686462402,2.338796615600586,-0.9154403209686279,-14.665651321411133,2.3164424896240234,-1.071521282196045,-14.489911079406738,2.772355079650879,0.881864070892334,-14.752324104309082,2.986436367034912,1.139364242553711,-14.37822437286377,3.0755529403686523,1.0985456705093384,-13.988578796386719,2.960294246673584,-0.9768000841140747,-12.650477409362793,2.99049711227417,-0.8222703337669373,-12.770898818969727,2.389192581176758,0.16530552506446838,-15.502853393554688,2.9999003410339355,-0.4027279317378998,-12.92482852935791,2.5397355556488037,-1.7975519895553589,-13.43442440032959,2.730140447616577,-1.860437273979187,-12.681347846984863,2.370467185974121,0.040699005126953125,-15.555622100830078,2.4535183906555176,0.38910728693008423,-15.380084991455078,2.984163284301758,-0.5201491117477417,-12.764730453491211,3.0403151512145996,0.3817507028579712,-13.344720840454102,2.4094560146331787,-1.1240479946136475,-14.379298210144043,2.2167391777038574,-0.4009968340396881,-15.331338882446289,3.0620369911193848,1.2116490602493286,-14.124651908874512,2.898120880126953,-1.3172491788864136,-12.568521499633789,2.838258743286133,1.1317752599716187,-14.558877944946289,3.0277578830718994,1.2751396894454956,-14.231921195983887,3.0632922649383545,1.0201163291931152,-13.858742713928223,2.2524874210357666,-0.046723708510398865,-15.65221118927002,2.466484308242798,-1.9782874584197998,-13.301386833190918,2.602818727493286,-2.0275888442993164,-12.89051342010498,2.315786838531494,-0.8367408514022827,-14.773299217224121,3.0015501976013184,-0.05826253443956375,-13.016371726989746,2.957059144973755,-0.6854070425033569,-12.590739250183105,2.5167834758758545,0.5617825984954834,-15.208745002746582,2.375433921813965,-1.6200265884399414,-13.901971817016602,3.0067811012268066,0.6889724135398865,-13.46602725982666,2.6395809650421143,0.9393012523651123,-14.826631546020508,3.0273172855377197,0.5630178451538086,-13.443161010742188,2.232525110244751,-0.22866398096084595,-15.502132415771484,2.252424478530884,-0.789970338344574,-14.86124038696289,2.31718373298645,-1.8798335790634155,-13.664909362792969,2.377028465270996,0.35995376110076904,-15.461898803710938,2.2018771171569824,0.17128756642341614,-15.711026191711426,2.1896536350250244,-0.15531842410564423,-15.61250114440918,2.3404600620269775,0.21265436708927155,-15.56092357635498,2.9075984954833984,1.2644145488739014,-14.431754112243652,2.79685640335083,-1.7253953218460083,-12.348814010620117,2.921135663986206,-1.1022621393203735,-12.453765869140625,2.5848584175109863,-2.136172294616699,-12.764909744262695,2.2624058723449707,-1.2370601892471313,-14.360976219177246,2.7308382987976074,1.072853446006775,-14.669747352600098,2.8513660430908203,-1.4742035865783691,-12.216736793518066,3.0335333347320557,1.290336012840271,-13.956355094909668,3.0475544929504395,1.3449571132659912,-14.123344421386719,3.018388032913208,0.9280071258544922,-13.617620468139648,3.0113046169281006,0.8017067313194275,-13.552313804626465,2.33032488822937,-1.951134204864502,-13.560639381408691,2.359630823135376,-2.030965805053711,-13.404776573181152,2.197899580001831,0.07345622032880783,-15.751654624938965,2.46111798286438,0.6662499308586121,-15.14455509185791,2.534743309020996,0.7534328103065491,-15.047974586486816,2.250255823135376,-0.6783394813537598,-15.00409984588623,3.0357563495635986,1.1773309707641602,-13.890769004821777,2.268564462661743,0.3233475089073181,-15.572579383850098,2.4034409523010254,0.5528036952018738,-15.30219841003418,2.4093804359436035,-2.208832025527954,-13.097576141357422,2.6523244380950928,-2.075376272201538,-12.42995834350586,2.939473867416382,-0.8854686617851257,-12.475240707397461,2.1715264320373535,-0.4985077977180481,-15.199951171875,2.2134552001953125,0.2363995760679245,-15.655220985412598,2.985690116882324,1.5395058393478394,-14.189599990844727,2.91418194770813,-0.9601094722747803,-12.354995727539062,2.278564929962158,-1.5728888511657715,-14.024367332458496,2.255722999572754,-1.736830234527588,-13.874064445495605,2.6153557300567627,1.026338815689087,-14.727768898010254,2.874717950820923,-1.2246888875961304,-12.156834602355957,2.9006168842315674,1.4452000856399536,-14.343076705932617,2.16066312789917,-0.6050952672958374,-15.12130069732666,2.9562551975250244,-0.34210696816444397,-12.810783386230469,2.4831042289733887,-2.3699405193328857,-12.600791931152344,2.235527992248535,-1.3810192346572876,-14.240198135375977,2.9179913997650146,-0.15736345946788788,-12.817468643188477,2.139657735824585,-0.11807692050933838,-15.730860710144043,2.2223057746887207,-0.991231381893158,-14.655776977539062,2.7386884689331055,1.2702773809432983,-14.562583923339844,3.011564254760742,1.4499406814575195,-14.133453369140625,3.0169734954833984,1.498793363571167,-14.015178680419922,3.056077003479004,1.356464147567749,-14.006599426269531,2.9164578914642334,0.4423065483570099,-13.138527870178223,2.0870273113250732,-0.03072929009795189,-15.830458641052246,2.4303863048553467,-2.3494114875793457,-12.862566947937012,2.3004627227783203,0.5172261595726013,-15.402674674987793,2.9879024028778076,1.1128381490707397,-13.704671859741211,2.9551382064819336,0.28942087292671204,-13.120223999023438,2.9308953285217285,0.08542761951684952,-12.923468589782715,2.9249188899993896,-0.5091017484664917,-12.58220386505127,2.525599956512451,0.8812264800071716,-14.943705558776855,2.80637264251709,-1.640625,-12.07629108428955,2.0849759578704834,0.13349393010139465,-15.84250545501709,2.100991725921631,-0.3567780554294586,-15.46278190612793,2.2284770011901855,-2.241560459136963,-13.336153984069824,2.133615493774414,-0.7658485174179077,-14.95924186706543,2.9922728538513184,1.2277027368545532,-13.761917114257812,2.720992088317871,-1.883991003036499,-12.052351951599121,2.17454195022583,-1.5861601829528809,-14.07397174835205,2.176666498184204,-1.910372257232666,-13.753860473632812,2.889942169189453,-0.7776692509651184,-12.331464767456055,2.9159371852874756,0.6029962301254272,-13.249427795410156,2.166093349456787,0.4445625841617584,-15.550529479980469,2.8782503604888916,-1.015337586402893,-12.159459114074707,2.0308916568756104,-0.2357814610004425,-15.606858253479004,2.374484062194824,0.6390047669410706,-15.23253345489502,2.967000961303711,1.4035661220550537,-13.8328275680542,2.9271700382232666,0.8041983246803284,-13.417341232299805,2.6079657077789307,-2.136531352996826,-12.258856773376465,2.126875162124634,-1.092547059059143,-14.575196266174316,2.089973211288452,-1.8046358823776245,-13.886688232421875,2.0866312980651855,-0.46084320545196533,-15.309942245483398,2.324498414993286,-2.5577940940856934,-12.82479476928711,2.8968207836151123,-0.3238363564014435,-12.64536190032959,2.133697032928467,-1.2451199293136597,-14.394716262817383,2.162289619445801,-2.1183834075927734,-13.535554885864258,2.0212137699127197,-0.12830853462219238,-15.823805809020996,2.9875850677490234,1.664913535118103,-14.044295310974121,2.850321054458618,-0.6468823552131653,-12.310985565185547,2.2420456409454346,-2.42446231842041,-13.096903800964355,2.0925309658050537,0.21541662514209747,-15.757436752319336,2.432058095932007,-2.4123523235321045,-12.361151695251465,2.8492331504821777,1.6397391557693481,-14.285287857055664,2.1673309803009033,-2.5869216918945312,-13.011478424072266,2.1205949783325195,-0.9399069547653198,-14.748451232910156,2.8446643352508545,-1.3360531330108643,-11.987159729003906,2.859060287475586,-0.575290322303772,-12.404214859008789,2.7671051025390625,1.4709258079528809,-14.441167831420898,2.527850389480591,0.9880008697509766,-14.831358909606934,2.885314464569092,0.9386741518974304,-13.433269500732422,2.8687403202056885,0.23407721519470215,-12.924156188964844,2.597346305847168,1.104353666305542,-14.69894027709961,2.0626606941223145,-0.6251679062843323,-15.128959655761719,2.2933249473571777,-2.6576485633850098,-12.591266632080078,2.7623133659362793,-1.718287706375122,-11.843826293945312,2.5439274311065674,-2.171570301055908,-12.069538116455078,2.887709617614746,1.167780876159668,-13.557943344116211,2.8141696453094482,-1.4229063987731934,-11.804862022399902,2.1568050384521484,-2.039945363998413,-13.63194465637207,1.9407156705856323,-0.44673705101013184,-15.378783226013184,2.945204257965088,1.6076425313949585,-13.95808219909668,2.0655837059020996,-1.384293794631958,-14.305274963378906,2.0057482719421387,-0.4999776780605316,-15.21599292755127,2.899412155151367,1.5823684930801392,-13.829621315002441,2.864537477493286,0.7657289505004883,-13.301186561584473,2.069939374923706,-1.5429655313491821,-14.152925491333008,2.841728448867798,-0.8679882287979126,-12.102147102355957,2.8829383850097656,1.3925589323043823,-13.696099281311035,2.9595978260040283,1.7443126440048218,-14.005943298339844,2.839449405670166,1.0732319355010986,-13.492880821228027,2.4651193618774414,1.068712830543518,-14.753366470336914,2.562241554260254,1.2135295867919922,-14.662217140197754,2.2199485301971436,0.5541133284568787,-15.427292823791504,2.3986523151397705,0.902108907699585,-14.975708961486816,2.8409619331359863,-0.03778960928320885,-12.719169616699219,1.9021967649459839,0.002219968009740114,-15.985040664672852,2.8748834133148193,1.757311224937439,-14.207368850708008,1.9806787967681885,-0.328474223613739,-15.539140701293945,2.1832258701324463,-2.7381885051727295,-12.833576202392578,2.1930465698242188,-2.7877774238586426,-12.686158180236816,2.0510201454162598,0.16376563906669617,-15.896392822265625,1.8717201948165894,-0.2735986113548279,-15.638525009155273,2.6283257007598877,-2.0191829204559326,-11.928523063659668,2.0487864017486572,-1.7553895711898804,-13.968360900878906,2.120751142501831,-2.4172589778900146,-13.23879623413086,2.008141040802002,-0.8035659193992615,-14.940017700195312,2.7860982418060303,0.4018878936767578,-12.940414428710938,2.3063628673553467,-2.5628349781036377,-12.389193534851074,1.9613984823226929,0.092982716858387,-15.986324310302734,1.9453611373901367,0.21868827939033508,-15.928730010986328,2.4174437522888184,0.9869831800460815,-14.883646011352539,2.2148308753967285,0.6571043133735657,-15.304780960083008,2.653005838394165,1.4002748727798462,-14.522082328796387,2.899294137954712,1.8471503257751465,-14.140704154968262,2.7827537059783936,-0.16437740623950958,-12.566299438476562,2.8239080905914307,-0.37864330410957336,-12.46219253540039,2.797516345977783,-1.0486079454421997,-11.820455551147461,2.0400683879852295,0.35956040024757385,-15.68115520477295,1.8791520595550537,-0.16049011051654816,-15.806118965148926,2.8125152587890625,-1.1970254182815552,-11.802538871765137,1.9236621856689453,-0.12045464664697647,-15.836511611938477,2.716618537902832,1.6629893779754639,-14.352078437805176,2.0160462856292725,-0.649054229259491,-15.088912010192871,1.9804764986038208,-1.151318907737732,-14.550162315368652,2.277750015258789,0.7313370108604431,-15.2083158493042,2.406646490097046,-2.324911594390869,-12.069534301757812,2.3349623680114746,0.8611859679222107,-15.017542839050293,2.6414988040924072,1.51374089717865,-14.456123352050781,2.0255959033966064,-2.056990146636963,-13.693577766418457,2.053816318511963,-2.6471047401428223,-13.06019401550293,2.592508316040039,1.325242519378662,-14.578019142150879,1.977570652961731,-1.9483023881912231,-13.802098274230957,2.072160243988037,-2.255033254623413,-13.452296257019043,2.2548108100891113,0.7648122906684875,-15.128562927246094,1.993067979812622,-0.9579529166221619,-14.73898983001709,1.9277253150939941,-1.0940316915512085,-14.63176155090332,2.649613618850708,-1.8892862796783447,-11.678509712219238,1.9792988300323486,0.2568504810333252,-15.779401779174805,1.984808087348938,-1.248993992805481,-14.419645309448242,2.7775022983551025,0.5413331389427185,-13.033576011657715,1.8087983131408691,0.050497736781835556,-16.094526290893555,1.9505400657653809,-1.7159790992736816,-14.020573616027832,2.0833425521850586,0.49113109707832336,-15.526080131530762,2.074328660964966,-2.904566526412964,-12.776741027832031,1.815602421760559,-0.08283284306526184,-15.99821662902832,1.8871194124221802,-0.3480794429779053,-15.539024353027344,2.755103588104248,-0.864172101020813,-11.885029792785645,1.9245312213897705,-0.6905536651611328,-15.100580215454102,2.790173053741455,1.021754264831543,-13.394279479980469,2.7919323444366455,0.11692071706056595,-12.720097541809082,2.750570774078369,-1.6501531600952148,-11.66401195526123,2.7508091926574707,1.732282280921936,-14.273963928222656,1.96869695186615,-1.649889349937439,-14.081215858459473,2.7823691368103027,-0.7095222473144531,-12.087777137756348,2.109504461288452,0.5623786449432373,-15.418953895568848,1.869672417640686,-0.522118330001831,-15.208473205566406,2.8994152545928955,1.8404511213302612,-13.915343284606934,1.973867654800415,-1.5207760334014893,-14.183335304260254,2.7600269317626953,1.753016471862793,-13.851030349731445,2.747868537902832,-1.5059672594070435,-11.500316619873047,2.767805814743042,-1.321853518486023,-11.61668586730957,2.2705576419830322,-2.482245445251465,-12.11854076385498,1.960349678993225,-1.370025396347046,-14.327957153320312,2.4749202728271484,1.1393781900405884,-14.711482048034668,2.426788568496704,1.0742453336715698,-14.715312004089355,2.747253179550171,-0.54179447889328,-12.164556503295898,2.164290428161621,-2.774555206298828,-12.474985122680664,2.5000805854797363,-2.127943277359009,-11.847843170166016,2.197558641433716,-2.5692458152770996,-12.216023445129395,2.7672133445739746,1.2435951232910156,-13.498082160949707,2.7485218048095703,0.7814293503761292,-13.208690643310547,1.9181134700775146,-2.19142746925354,-13.588360786437988,2.1684868335723877,0.6152758002281189,-15.342561721801758,2.800358295440674,1.9455952644348145,-14.159371376037598,2.656468391418457,1.6099344491958618,-14.36560344696045,1.9614624977111816,-2.855626344680786,-12.912742614746094,2.893129587173462,2.004509449005127,-14.007347106933594,1.909472942352295,0.3391932547092438,-15.70779037475586,2.4610798358917236,-2.203129291534424,-11.989813804626465,1.8232277631759644,0.038714002817869186,-15.947000503540039,2.78067946434021,1.6173698902130127,-13.733003616333008,2.6437489986419678,-1.7805293798446655,-11.547012329101562,1.877923607826233,-0.8605506420135498,-14.871941566467285,1.894122838973999,-2.320815086364746,-13.471542358398438,1.9652358293533325,-2.4321866035461426,-13.322535514831543,2.7455286979675293,0.2229025810956955,-12.769661903381348,1.7633379697799683,-0.03498006984591484,-15.904125213623047,1.9062819480895996,-1.8345823287963867,-13.89579963684082,1.8113245964050293,0.20268577337265015,-15.85808277130127,2.707561492919922,-0.44244635105133057,-12.237616539001465,1.985841155052185,0.4114779829978943,-15.625263214111328,2.0160064697265625,-3.000655174255371,-12.639907836914062,2.5332133769989014,1.3208304643630981,-14.563525199890137,2.7168009281158447,0.3434099555015564,-12.828862190246582,2.3745319843292236,1.0352100133895874,-14.801257133483887,2.761866331100464,1.817820429801941,-14.227892875671387,2.472808361053467,1.1902034282684326,-14.649304389953613,1.9109662771224976,-3.0553853511810303,-12.790504455566406,2.248307943344116,0.8465118408203125,-15.029123306274414,2.677093267440796,1.0958387851715088,-13.37097454071045,2.6967051029205322,-1.6258982419967651,-11.452874183654785,2.3061697483062744,0.9636304378509521,-14.910901069641113,2.7160298824310303,-0.35099780559539795,-12.31541633605957,2.126230478286743,0.7137680649757385,-15.201245307922363,1.9462993144989014,-2.588430404663086,-13.190073013305664,2.045240640640259,-2.9411797523498535,-12.534259796142578,2.7362351417541504,0.00013090111315250397,-12.597418785095215,2.7195396423339844,-0.22720545530319214,-12.462875366210938,2.6131982803344727,1.5307713747024536,-14.392119407653809,2.4399070739746094,-2.08679461479187,-11.693197250366211,2.728163719177246,-1.1215698719024658,-11.616889953613281,1.7570616006851196,-0.23334388434886932,-15.642964363098145,2.835925579071045,2.090111494064331,-14.02436351776123,2.7191333770751953,1.3716405630111694,-13.533538818359375,2.755845069885254,1.4898688793182373,-13.631946563720703,1.7729519605636597,0.09594595432281494,-15.890813827514648,2.8370957374572754,1.963250994682312,-13.896058082580566,1.8402012586593628,-0.9730892777442932,-14.709836959838867,1.8518414497375488,-1.2646197080612183,-14.417871475219727,2.7142248153686523,-1.354270339012146,-11.437129974365234,1.8617403507232666,-1.5909488201141357,-14.129962921142578,1.7790508270263672,-0.32238930463790894,-15.503105163574219,2.0142529010772705,0.5607168078422546,-15.455126762390137,1.8861567974090576,-3.1332409381866455,-12.692389488220215,1.8126319646835327,0.2590124011039734,-15.785858154296875,2.054100751876831,0.641441285610199,-15.321527481079102,2.1616885662078857,0.7822266817092896,-15.108567237854004,1.790585994720459,-0.5575788617134094,-15.157906532287598,1.8875490427017212,-1.4649180173873901,-14.229033470153809,2.433802604675293,1.26600980758667,-14.604769706726074,2.4049794673919678,1.1727877855300903,-14.677872657775879,2.6320302486419678,1.7683141231536865,-14.209372520446777,2.540001392364502,1.4532177448272705,-14.490638732910156,2.275761842727661,-2.3015615940093994,-11.894272804260254,1.8375920057296753,-2.4340603351593018,-13.361381530761719,2.636859655380249,0.7022339105606079,-13.083834648132324,2.0517494678497314,-2.7357518672943115,-12.242790222167969,2.5734572410583496,-1.9164206981658936,-11.585498809814453,2.633725881576538,-0.6483566761016846,-11.878949165344238,2.4587998390197754,1.406173825263977,-14.505242347717285,2.611448287963867,1.7297477722167969,-14.289222717285156,1.7855008840560913,-0.7082738876342773,-15.005857467651367,2.2658965587615967,1.013443112373352,-14.83932876586914,1.8231867551803589,-1.7176066637039185,-14.01877212524414,2.526841163635254,1.5828275680541992,-14.374883651733398,2.504920482635498,1.5037761926651,-14.431321144104004,1.728651523590088,-0.009551377035677433,-15.855528831481934,2.739783525466919,1.8955942392349243,-13.876473426818848,2.5787596702575684,-0.19678178429603577,-12.328907012939453,2.2746660709381104,1.1046407222747803,-14.704113960266113,2.6531474590301514,-0.05624916031956673,-12.46651554107666,1.8498284816741943,-1.9966230392456055,-13.777811050415039,1.8533062934875488,-2.8012473583221436,-13.01173210144043,2.387892007827759,1.3485900163650513,-14.52637767791748,1.9025946855545044,0.4708676338195801,-15.530912399291992,2.652221202850342,0.9643229842185974,-13.271659851074219,1.8235019445419312,-1.47736394405365,-14.23328685760498,1.775924801826477,-2.2852325439453125,-13.514677047729492,2.117912769317627,0.8275778293609619,-15.044039726257324,1.7937471866607666,-1.3378247022628784,-14.345314979553223,2.242896795272827,-2.4018025398254395,-11.974994659423828,2.745166778564453,1.9017066955566406,-13.968494415283203,2.670515537261963,1.2013485431671143,-13.471199989318848,2.591858148574829,0.49827519059181213,-12.87205696105957,2.563772678375244,1.656906247138977,-14.297390937805176,1.7821130752563477,-2.597961664199829,-13.239418983459473,2.7128400802612305,1.883315920829773,-14.093223571777344,1.789402723312378,-2.729722499847412,-13.108502388000488,2.227140188217163,0.8368507623672485,-14.975041389465332,1.7661921977996826,-0.9355118870735168,-14.742186546325684,2.6927788257598877,-1.1857832670211792,-11.478519439697266,2.5878899097442627,-1.74809992313385,-11.38838005065918,1.799384355545044,0.36998140811920166,-15.551301956176758,2.663198709487915,-0.9860776662826538,-11.5955171585083,2.669048309326172,-1.5416479110717773,-11.238653182983398,1.7058725357055664,-0.39306601881980896,-15.31088924407959,2.143367052078247,0.8880822062492371,-14.9776029586792,1.763853669166565,-2.081589460372925,-13.6909761428833,1.942554235458374,-2.984204053878784,-12.397972106933594,2.6581923961639404,1.8790098428726196,-14.100528717041016,1.7757147550582886,-3.0700290203094482,-12.812833786010742,2.6740810871124268,-1.4132665395736694,-11.271782875061035,2.6332132816314697,-1.6327404975891113,-11.267420768737793,1.7929129600524902,0.32621756196022034,-15.643847465515137,1.767513632774353,-1.103500247001648,-14.591586112976074,2.639460802078247,0.23525290191173553,-12.683244705200195,1.690300464630127,-0.04029290750622749,-15.736222267150879,1.684340238571167,-0.7875621914863586,-14.841739654541016,2.6560635566711426,0.7990895509719849,-13.148847579956055,2.183959722518921,0.9922165870666504,-14.869093894958496,2.6142005920410156,0.07795336842536926,-12.521488189697266,1.7180500030517578,0.159893199801445,-15.762812614440918,1.7562036514282227,-1.2253776788711548,-14.45040512084961,2.1362271308898926,-2.488527774810791,-12.005541801452637,1.772949457168579,-1.8513022661209106,-13.872795104980469,1.8850666284561157,-2.8960025310516357,-12.2741060256958,2.5754847526550293,-0.4425565302371979,-12.033953666687012,2.3221311569213867,1.1798346042633057,-14.630891799926758,1.6796519756317139,-0.19753378629684448,-15.531285285949707,1.7525465488433838,-2.8830583095550537,-12.968711853027344,2.624072313308716,1.7001676559448242,-13.747036933898926,1.8990306854248047,-3.037820339202881,-12.468831062316895,1.9033074378967285,0.5877621173858643,-15.383330345153809,1.9787743091583252,0.6629324555397034,-15.176362991333008,1.9818675518035889,0.72865891456604,-15.116552352905273,1.7080168724060059,-3.2817931175231934,-12.702644348144531,2.5914146900177,0.6102250218391418,-12.965187072753906,2.3458304405212402,-2.100078582763672,-11.618313789367676,2.2293860912323,-2.1822891235351562,-11.693558692932129,2.371701955795288,-1.995829701423645,-11.555014610290527,1.7130622863769531,-2.477736473083496,-13.33846378326416,2.4107024669647217,-1.9512083530426025,-11.449830055236816,2.620009183883667,1.5151680707931519,-13.611221313476562,1.635238766670227,-0.5444151759147644,-15.008538246154785,1.729119896888733,-2.3724565505981445,-13.432210922241211,2.5226380825042725,1.7737736701965332,-14.12985897064209,2.301884651184082,1.3004449605941772,-14.532042503356934,2.5986180305480957,-0.5355494618415833,-11.957436561584473,2.5973339080810547,-0.8415104150772095,-11.658900260925293,1.7361986637115479,-1.4640827178955078,-14.207954406738281,1.8086692094802856,-3.0905656814575195,-12.549120903015137,2.1324210166931152,1.1138420104980469,-14.667207717895508,2.6000261306762695,1.858176589012146,-13.950613021850586,1.6665980815887451,-0.45618993043899536,-15.129204750061035,1.687228798866272,-1.703324556350708,-13.98591136932373,1.690341830253601,0.20288653671741486,-15.649126052856445,1.7624714374542236,0.432033509016037,-15.407331466674805,2.175546407699585,1.149831771850586,-14.5735445022583,2.4257373809814453,-1.8150676488876343,-11.227282524108887,2.004631280899048,-2.6219165325164795,-12.089128494262695,1.626621127128601,0.06083114445209503,-15.608327865600586,2.578299045562744,-1.5279405117034912,-10.997925758361816,1.6345813274383545,-2.163477897644043,-13.577560424804688,1.6524640321731567,-1.2118029594421387,-14.411060333251953,2.3646938800811768,1.5494133234024048,-14.26653003692627,2.5104715824127197,-0.30254825949668884,-12.143126487731934,2.4377028942108154,-1.708491325378418,-11.078604698181152,2.05574107170105,-2.387831449508667,-11.86048412322998,1.6198142766952515,-0.9428210258483887,-14.645634651184082,2.5723161697387695,1.8185232877731323,-13.844985961914062,1.996569275856018,0.8267505764961243,-14.993770599365234,2.067995071411133,0.9928948879241943,-14.774770736694336,1.6221449375152588,-0.6231293082237244,-14.89138412475586,2.5553126335144043,-1.2030930519104004,-11.201926231384277,2.603675365447998,-1.4237216711044312,-11.087953567504883,2.2035746574401855,1.2258086204528809,-14.542780876159668,2.5410494804382324,1.2178202867507935,-13.443257331848145,2.5732624530792236,-1.0298305749893188,-11.395040512084961,1.6581857204437256,-1.3688071966171265,-14.267659187316895,1.6430233716964722,-2.6089491844177246,-13.204174041748047,1.6917061805725098,-3.1690750122070312,-12.572165489196777,1.9956836700439453,-2.491555690765381,-11.99695873260498,1.835463523864746,0.6508165597915649,-15.059638023376465,1.6714106798171997,-2.8012239933013916,-13.048494338989258,2.5333292484283447,0.900617241859436,-13.178021430969238,1.5926326513290405,-0.7661007642745972,-14.74777889251709,2.5287935733795166,0.424872487783432,-12.789961814880371,1.654240608215332,-1.5075511932373047,-14.133841514587402,1.5944021940231323,-2.250811815261841,-13.476693153381348,1.5807150602340698,-0.19104735553264618,-15.29848861694336,2.5235488414764404,1.032472014427185,-13.285088539123535,2.1730151176452637,-2.3123514652252197,-11.79860782623291,1.8216625452041626,0.5902050137519836,-15.236140251159668,2.154081106185913,-2.1455490589141846,-11.592607498168945,1.6509419679641724,-1.9187158346176147,-13.777998924255371,2.5636258125305176,-0.9091365933418274,-11.523199081420898,1.6463102102279663,-3.0044291019439697,-12.877227783203125,1.9238344430923462,-2.767622470855713,-12.17233943939209,2.2004857063293457,1.3328206539154053,-14.403740882873535,2.4549436569213867,1.4827227592468262,-13.622635841369629,2.43090558052063,1.2759201526641846,-13.46816635131836,1.6015466451644897,-0.36375802755355835,-15.17507553100586,2.2381582260131836,-2.05422043800354,-11.5625581741333,1.6421830654144287,-3.174159526824951,-12.73702621459961,1.7066084146499634,-3.5137736797332764,-12.564217567443848,1.6528500318527222,-3.470489740371704,-12.614066123962402,1.6013271808624268,-3.324583053588867,-12.634110450744629,2.4194247722625732,-1.6857157945632935,-10.993843078613281,1.7717266082763672,-3.1468591690063477,-12.413639068603516,2.439321994781494,0.051839929074048996,-12.420130729675293,1.6821924448013306,-3.310253381729126,-12.593912124633789,2.57214093208313,-1.3128312826156616,-11.166116714477539,1.6485698223114014,-3.2884676456451416,-12.468178749084473,1.6610008478164673,-3.4029812812805176,-12.476058006286621,1.6201016902923584,0.1817820519208908,-15.47610092163086,2.4891269207000732,1.7757623195648193,-13.901900291442871,2.472153663635254,0.7224298119544983,-13.03422737121582,1.5708582401275635,0.07392954081296921,-15.397185325622559,1.5587815046310425,-0.05895131826400757,-15.338279724121094,2.484678268432617,0.291841983795166,-12.674023628234863,1.8613722324371338,-2.6181914806365967,-12.013079643249512,2.5000827312469482,-0.7118326425552368,-11.689353942871094,2.3198697566986084,-1.9425230026245117,-11.3519926071167,2.3705530166625977,1.646902084350586,-14.069695472717285,1.707708477973938,-3.0111331939697266,-12.304915428161621,2.4255452156066895,-0.4796888828277588,-11.877567291259766,1.5516808032989502,-2.6398544311523438,-13.140997886657715,1.5537914037704468,-2.8608391284942627,-12.96806812286377,1.536591649055481,-1.8810226917266846,-13.730006217956543,2.2659101486206055,-2.0120162963867188,-11.458504676818848,1.5194857120513916,-0.2998419404029846,-15.067591667175293,2.3737547397613525,1.0438882112503052,-13.288472175598145,2.420318126678467,0.5716936588287354,-12.897598266601562,2.400007724761963,-0.1504218727350235,-12.247720718383789,2.0832114219665527,-2.206737756729126,-11.649088859558105,2.3259236812591553,-1.837721347808838,-11.177423477172852,2.419729709625244,0.21947665512561798,-12.563920974731445,1.5901283025741577,0.35074910521507263,-15.176651954650879,1.7944484949111938,0.721940279006958,-14.921274185180664,1.933639645576477,0.9160495400428772,-14.76385498046875,2.496438980102539,-1.3762693405151367,-11.00416088104248,1.5372763872146606,-1.5509438514709473,-14.016592025756836,1.5441462993621826,-2.412980794906616,-13.319487571716309,1.6977992057800293,-3.1646909713745117,-12.37143325805664,1.5895564556121826,-3.3500564098358154,-12.549328804016113,2.390551805496216,1.5779088735580444,-13.777997970581055,1.5002238750457764,-2.927263021469116,-12.904541969299316,1.8022053241729736,-2.740715980529785,-12.101984024047852,1.9493156671524048,1.0322657823562622,-14.618850708007812,2.482422113418579,-1.5024888515472412,-10.843329429626465,1.4912912845611572,-1.1541786193847656,-14.323816299438477,1.5187965631484985,-0.8956142067909241,-14.568371772766113,1.5469170808792114,-1.3854713439941406,-14.164052963256836,2.4007716178894043,0.9409819841384888,-13.193321228027344,2.3134753704071045,1.5941189527511597,-13.906197547912598,1.4900285005569458,-2.7312722206115723,-13.027896881103516,1.5192557573318481,-3.0443575382232666,-12.82076358795166,1.7670586109161377,-2.862107276916504,-12.184892654418945,1.6776292324066162,0.4476611018180847,-15.138321876525879,2.3606038093566895,0.36797159910202026,-12.704319953918457,1.5131900310516357,-3.067927122116089,-12.732226371765137,2.278212070465088,-1.904537558555603,-11.324138641357422,2.14632248878479,1.3626090288162231,-14.243531227111816,1.9558709859848022,-2.3322575092315674,-11.76403522491455,2.449174404144287,-0.9975071549415588,-11.298789978027344,1.4974592924118042,-0.48814553022384644,-14.808981895446777,1.5719481706619263,0.1793241947889328,-15.315349578857422,1.9934566020965576,1.0870896577835083,-14.536316871643066,2.384155511856079,0.7843849062919617,-13.068634033203125,2.383016586303711,-0.7321879863739014,-11.590705871582031,2.4405181407928467,-1.2880009412765503,-10.944806098937988,2.3400115966796875,1.1358917951583862,-13.389537811279297,2.398411512374878,-0.38001805543899536,-11.9891996383667,1.6060682535171509,0.27913030982017517,-15.262835502624512,1.4582253694534302,-1.6171228885650635,-13.8618803024292,1.4721516370773315,-2.115605354309082,-13.488805770874023,1.5328872203826904,-3.245964527130127,-12.560613632202148,2.158717393875122,-2.0136187076568604,-11.417701721191406,2.2077250480651855,-1.943237543106079,-11.32064437866211,2.124579906463623,1.3704296350479126,-14.099623680114746,2.302197217941284,0.26878583431243896,-12.618121147155762,1.9950358867645264,1.151371955871582,-14.441845893859863,2.3214852809906006,-0.27655670046806335,-12.061132431030273,1.5220844745635986,-3.1845662593841553,-12.489404678344727,1.4523545503616333,-2.7873644828796387,-12.946551322937012,1.5838730335235596,-3.0622944831848145,-12.371587753295898,1.8565104007720947,-2.4902660846710205,-11.957266807556152,2.369631290435791,-1.5472614765167236,-10.8452730178833,1.4230011701583862,-2.5128958225250244,-13.123703002929688,1.4539827108383179,-2.4223086833953857,-13.228620529174805,2.3186967372894287,1.258590817451477,-13.477838516235352,2.236992835998535,-1.7722727060317993,-11.068642616271973,2.279325485229492,1.3852850198745728,-13.635296821594238,2.2726361751556396,0.6325212717056274,-12.967584609985352,1.510614037513733,0.04503616690635681,-15.169034957885742,2.1630303859710693,1.4282026290893555,-13.929769515991211,1.6386644840240479,0.5205572247505188,-14.929278373718262,2.430114269256592,-1.1805530786514282,-11.067610740661621,2.318795680999756,-0.820280134677887,-11.451642990112305,1.979184865951538,-2.1937508583068848,-11.633756637573242,2.0794858932495117,-1.9800317287445068,-11.359938621520996,1.4584331512451172,-3.2020583152770996,-12.58882999420166,2.1963860988616943,-1.8667473793029785,-11.204046249389648,1.6674370765686035,-2.8220643997192383,-12.19299030303955,2.2735700607299805,0.40669316053390503,-12.758864402770996,2.250843048095703,-0.05863247811794281,-12.289822578430176,1.4514589309692383,-0.6386012434959412,-14.63575553894043,2.3449113368988037,-1.630078911781311,-10.848773956298828,1.4069591760635376,-1.9122344255447388,-13.568170547485352,1.4255634546279907,-1.707186222076416,-13.748430252075195,1.4872007369995117,-3.123246431350708,-12.642736434936523,2.28802227973938,-0.6138896346092224,-11.716032028198242,2.132718801498413,-1.9279791116714478,-11.249626159667969,2.3605334758758545,-1.1150628328323364,-11.097434997558594,2.3987984657287598,-1.4941378831863403,-10.769590377807617,1.520386815071106,0.1970667839050293,-15.131993293762207,1.7762978076934814,0.8424745798110962,-14.627363204956055,2.220336675643921,0.9914866089820862,-13.289319038391113,1.666900873184204,-2.6021945476531982,-12.050804138183594,2.2530159950256348,0.8155422806739807,-13.111937522888184,2.3653054237365723,-1.403782844543457,-10.765963554382324,2.266880750656128,-0.4530513286590576,-11.883552551269531,1.4711427688598633,-0.07875580340623856,-15.021005630493164,1.3971582651138306,-1.3552021980285645,-14.014819145202637,2.2759244441986084,0.17310786247253418,-12.514017105102539,1.4024372100830078,-2.9680917263031006,-12.672282218933105,2.036618947982788,-2.058943271636963,-11.526632308959961,1.7384185791015625,-2.493008613586426,-11.971041679382324,2.220851421356201,-1.738661289215088,-10.94704818725586,1.4074351787567139,-1.132027506828308,-14.237330436706543,2.252326011657715,-0.8580723404884338,-11.391012191772461,1.790200114250183,-2.320016384124756,-11.836654663085938,2.25555419921875,-0.1914728730916977,-12.154569625854492,1.3593971729278564,-2.2219626903533936,-13.269706726074219,1.4578347206115723,-0.27998802065849304,-14.854628562927246,2.1700053215026855,0.4669803977012634,-12.821547508239746,2.2410778999328613,-0.374870240688324,-11.960038185119629,2.116631269454956,0.5500664710998535,-12.94234561920166,2.324054002761841,-0.9483844637870789,-11.288383483886719,1.564976692199707,-2.8498761653900146,-12.239114761352539,1.4221795797348022,-0.8249712586402893,-14.457096099853516,1.8596551418304443,1.0554158687591553,-14.21547794342041,1.3794264793395996,-0.3464744985103607,-14.61544132232666,2.3452484607696533,-1.260121464729309,-10.91231918334961,1.5055314302444458,-2.9325642585754395,-12.33121109008789,1.5057297945022583,0.28041908144950867,-14.86855411529541,2.209526777267456,-0.7362556457519531,-11.55198860168457,1.9280251264572144,-2.0304532051086426,-11.574667930603027,2.192840337753296,0.0710182711482048,-12.419147491455078,1.4533355236053467,0.06055333837866783,-14.985020637512207,2.177940845489502,-1.787683367729187,-11.055968284606934,1.4372681379318237,-2.9127695560455322,-12.421558380126953,1.7896462678909302,0.949843168258667,-14.37515640258789,1.3937034606933594,-3.0476131439208984,-12.514796257019043,2.286872148513794,-1.6002378463745117,-10.726279258728027,2.3449199199676514,-1.471763253211975,-10.658530235290527,2.1008729934692383,1.2956876754760742,-13.751880645751953,1.4532392024993896,0.18065236508846283,-14.926016807556152,2.122326374053955,1.0787436962127686,-13.45986557006836,1.5808169841766357,-2.6686148643493652,-12.121500968933105,2.1605825424194336,-0.6820396184921265,-11.612403869628906,1.9157543182373047,-2.1568243503570557,-11.632850646972656,1.358870267868042,-2.602839469909668,-12.9465970993042,2.04529070854187,1.1704154014587402,-13.63843822479248,2.1658692359924316,0.34600794315338135,-12.704886436462402,1.3338046073913574,-1.9574968814849854,-13.422930717468262,1.5862175226211548,0.5091164112091064,-14.782135009765625,2.1119587421417236,0.17968741059303284,-12.551420211791992,1.3144475221633911,-1.4429075717926025,-13.799311637878418,1.937376856803894,-1.9839084148406982,-11.41369342803955,2.1119587421417236,-1.8233102560043335,-11.143024444580078,1.4303950071334839,-0.15280123054981232,-14.795495986938477,1.3468412160873413,-0.963263213634491,-14.234968185424805,2.378561019897461,-1.5034980773925781,-10.603241920471191,1.997552752494812,-1.8758972883224487,-11.263842582702637,2.248380184173584,-1.0455067157745361,-11.165166854858398,1.806039571762085,-2.182690143585205,-11.676909446716309,1.9949780702590942,1.2220563888549805,-13.915274620056152,1.6709799766540527,0.7326042652130127,-14.530362129211426,2.0996146202087402,0.7642122507095337,-13.145821571350098,1.31248140335083,-2.740011215209961,-12.71827220916748,1.3471300601959229,-0.530647873878479,-14.441583633422852,1.8887113332748413,1.0944422483444214,-13.923620223999023,2.1010754108428955,-0.35655882954597473,-11.980367660522461,2.1228814125061035,-0.5925341248512268,-11.740550994873047,2.2716636657714844,-1.2789232730865479,-10.905586242675781,2.183544635772705,-1.6524531841278076,-10.859580039978027,1.3918598890304565,-0.07245200872421265,-14.813247680664062,1.3138723373413086,-1.180486798286438,-14.009285926818848,1.691493272781372,-2.4150266647338867,-11.936989784240723,1.2928941249847412,-2.0378425121307373,-13.296651840209961,1.8199247121810913,-2.0339181423187256,-11.600339889526367,1.4857898950576782,-2.757779598236084,-12.25056266784668,1.3322824239730835,-1.6918429136276245,-13.609546661376953,1.4522318840026855,0.17497099936008453,-14.745560646057129,2.212704658508301,-1.147626519203186,-11.052878379821777,2.2536778450012207,-1.4931691884994507,-10.68348217010498,2.01177978515625,1.0255545377731323,-13.511076927185059,2.1767189502716064,-0.9555861949920654,-11.295380592346191,1.6734421253204346,-2.239777088165283,-11.842226028442383,2.086226224899292,-0.25102686882019043,-12.099016189575195,2.1028428077697754,-1.7076263427734375,-10.974067687988281,2.2711966037750244,-1.5501618385314941,-10.620772361755371,1.321309208869934,-2.8504762649536133,-12.51723861694336,2.057372808456421,-0.10416535288095474,-12.257959365844727,2.094431161880493,-0.5057870745658875,-11.8646821975708,1.9240055084228516,-1.913453459739685,-11.368760108947754,2.3008968830108643,-1.4529448747634888,-10.509374618530273,1.5107520818710327,0.41549500823020935,-14.573127746582031,2.0241787433624268,0.04202926531434059,-12.425274848937988,2.1435184478759766,-1.5007768869400024,-10.834586143493652,1.2442007064819336,-2.304719924926758,-12.96216106414795,1.6257197856903076,-2.3545167446136475,-11.898653030395508,2.204538106918335,-1.4087721109390259,-10.828056335449219,1.432349681854248,-2.6215240955352783,-12.199592590332031,1.3059022426605225,-2.8023338317871094,-12.5721435546875,1.5583384037017822,-2.4478468894958496,-12.009928703308105,2.241319179534912,-1.5108619928359985,-10.52094554901123,1.8282876014709473,-1.9917832612991333,-11.5099458694458,2.1046416759490967,-1.5800604820251465,-10.866962432861328,2.1816515922546387,-1.532284140586853,-10.737150192260742,1.3200421333312988,-0.34000369906425476,-14.547630310058594,1.2495108842849731,-2.490290880203247,-12.800863265991211,1.4151986837387085,0.01295109186321497,-14.624980926513672,1.9972620010375977,-1.6833479404449463,-11.055606842041016,1.3633686304092407,-2.679961681365967,-12.3735990524292,1.6345504522323608,0.7079635262489319,-14.354242324829102,1.356937289237976,-0.13319776952266693,-14.63460636138916,1.9077967405319214,0.8729292154312134,-13.455995559692383,1.9352935552597046,0.6979497671127319,-13.211344718933105,1.9909242391586304,0.5908724069595337,-13.049846649169922,1.7523590326309204,0.9122599959373474,-14.094695091247559,2.110290765762329,-0.838318943977356,-11.457684516906738,1.6634570360183716,-2.0332376956939697,-11.69310474395752,1.8911383152008057,0.9937275052070618,-13.647192001342773,2.0847744941711426,-1.1255455017089844,-11.111034393310547,2.0745325088500977,-1.28746497631073,-10.988324165344238,1.2992916107177734,-0.7969258427619934,-14.156209945678711,1.9397674798965454,0.2921237051486969,-12.753280639648438,1.2305022478103638,-2.1337406635284424,-13.054825782775879,1.9550485610961914,-1.7857955694198608,-11.19761848449707,1.8226536512374878,-1.9187626838684082,-11.442646026611328,1.4396851062774658,0.20406126976013184,-14.572792053222656,1.2758243083953857,-1.5908597707748413,-13.536766052246094,2.107271432876587,-1.4566142559051514,-10.778366088867188,1.2598646879196167,-0.6793007850646973,-14.225884437561035,1.2195019721984863,-1.1724414825439453,-13.792707443237305,1.4590109586715698,0.323635071516037,-14.409669876098633,1.8785852193832397,-1.8064732551574707,-11.297290802001953,1.3289122581481934,-2.6317930221557617,-12.4712553024292,1.3039382696151733,-0.24522288143634796,-14.484484672546387,1.9172956943511963,0.4702776074409485,-12.985018730163574,1.1929047107696533,-1.6873033046722412,-13.277059555053711,1.2355475425720215,-2.5917699337005615,-12.642462730407715,1.985250473022461,-1.0427066087722778,-11.265762329101562,1.4131953716278076,-2.4338326454162598,-12.163411140441895,1.7057280540466309,0.8357363343238831,-13.928383827209473,1.5326917171478271,0.5101633071899414,-14.30533504486084,1.9673012495040894,-0.7572474479675293,-11.60300064086914,2.0362093448638916,-0.8069047331809998,-11.514925003051758,1.6930487155914307,-1.9601424932479858,-11.583242416381836,1.3389650583267212,-0.14413009583950043,-14.400115013122559,1.3545588254928589,0.0036086109466850758,-14.325423240661621,1.5194597244262695,-2.2492144107818604,-11.930262565612793,1.9728808403015137,-0.6099415421485901,-11.761392593383789,1.3985309600830078,0.1378920078277588,-14.394432067871094,1.5732873678207397,0.6141281723976135,-14.164924621582031,1.2673710584640503,-0.4858033061027527,-14.287534713745117,1.2488983869552612,-2.523831844329834,-12.567732810974121,1.9411993026733398,-0.2322140634059906,-12.166810035705566,1.9132306575775146,-0.35768795013427734,-12.062739372253418,1.1757804155349731,-1.8677531480789185,-13.12176513671875,1.5567708015441895,-2.036588668823242,-11.820634841918945,1.2357410192489624,-1.4954910278320312,-13.448578834533691,1.3208643198013306,-2.412844657897949,-12.360033988952637,1.9651440382003784,-1.585009217262268,-10.983016014099121,1.736101746559143,0.7782747745513916,-13.67888355255127,1.8356305360794067,0.11007868498563766,-12.64575481414795,1.8922594785690308,-0.5059596300125122,-11.969820022583008,1.9491965770721436,-0.9550259709358215,-11.388102531433105,1.7849972248077393,0.6701124310493469,-13.38362979888916,1.2170352935791016,-0.8765387535095215,-14.049776077270508,1.1757400035858154,-2.226935863494873,-12.792555809020996,1.883236289024353,-1.584748387336731,-11.068594932556152,1.988185167312622,-1.485041618347168,-10.997339248657227,2.0010104179382324,-1.4087392091751099,-10.914639472961426,1.4648475646972656,0.3659794330596924,-14.091029167175293,1.7372750043869019,-1.832005500793457,-11.445174217224121,1.3116867542266846,-0.1701277196407318,-14.236031532287598,1.5838896036148071,0.6100125312805176,-13.944089889526367,1.2735453844070435,-0.5248864889144897,-14.138413429260254,1.4148945808410645,0.21098819375038147,-14.22664737701416,1.822810411453247,-1.6744483709335327,-11.2350492477417,1.8374309539794922,-0.12594571709632874,-12.343244552612305,1.7900755405426025,0.47237226366996765,-13.121472358703613,1.7696489095687866,0.31878533959388733,-12.98582649230957,1.9729437828063965,-1.2227182388305664,-11.08199691772461,2.0064303874969482,-1.2925763130187988,-10.961277961730957,1.7320477962493896,0.6481655836105347,-13.454855918884277,1.1613906621932983,-1.1770613193511963,-13.738518714904785,1.1754544973373413,-2.3289988040924072,-12.542773246765137,1.1874639987945557,-0.8947402238845825,-13.86182689666748,1.1595245599746704,-2.3045616149902344,-12.676541328430176,1.3921829462051392,-2.280604362487793,-12.109875679016113,1.3252848386764526,-2.2746922969818115,-12.233036994934082,1.722926139831543,-1.6262305974960327,-11.328721046447754,1.430740237236023,-2.1125714778900146,-11.973782539367676,1.2670162916183472,-0.6455004215240479,-13.982373237609863,1.6936949491500854,0.1224997341632843,-12.837855339050293,1.3893773555755615,0.13824979960918427,-14.075342178344727,1.6187846660614014,0.5473958849906921,-13.618170738220215,1.281395673751831,-0.3207452893257141,-14.046171188354492,1.2529780864715576,-0.544577956199646,-13.907245635986328,1.7470289468765259,-0.6059606671333313,-11.961949348449707,1.3246829509735107,-0.08253005892038345,-14.092275619506836,1.7962557077407837,-1.061963677406311,-11.404547691345215,1.8940573930740356,-1.4354597330093384,-11.105399131774902,1.1718589067459106,-1.4675980806350708,-13.464963912963867,1.515977382659912,-1.9053783416748047,-11.750109672546387,1.2223142385482788,-2.2324538230895996,-12.449625968933105,1.815528154373169,-0.7401471734046936,-11.743450164794922,1.8427633047103882,-1.1767619848251343,-11.216253280639648,1.4957722425460815,0.4020542800426483,-13.866456985473633,1.6328145265579224,0.4540736675262451,-13.4061861038208,1.8978207111358643,-1.3032665252685547,-11.038251876831055,1.769454002380371,-0.5003126859664917,-12.072406768798828,1.5297486782073975,0.4102106988430023,-13.680758476257324,1.127467393875122,-1.7868767976760864,-13.154183387756348,1.2996011972427368,-0.19166690111160278,-13.89470386505127,1.424527645111084,0.23637960851192474,-13.921050071716309,1.5942896604537964,-1.660616159439087,-11.530474662780762,1.5888229608535767,0.23484745621681213,-13.206334114074707,1.7895255088806152,-0.8734650611877441,-11.620296478271484,1.5373119115829468,-1.7373355627059937,-11.645659446716309,1.1586451530456543,-1.2929197549819946,-13.494120597839355,1.151903748512268,-1.5180846452713013,-13.308989524841309,1.133000373840332,-2.0666427612304688,-12.903083801269531,1.2390843629837036,-2.1212687492370605,-12.346549034118652,1.1506400108337402,-1.0458277463912964,-13.678167343139648,1.3682560920715332,-2.0080983638763428,-12.029382705688477,1.2771097421646118,-0.3329260051250458,-13.796002388000488,1.6999808549880981,-0.0625455379486084,-12.56816291809082,1.3619110584259033,0.06100700423121452,-13.902616500854492,1.6085951328277588,0.12908975780010223,-13.017098426818848,1.6884653568267822,-0.3088812828063965,-12.309000968933105,1.2438331842422485,-0.515522837638855,-13.765042304992676,1.720968246459961,-1.4698313474655151,-11.27153205871582,1.401553750038147,-1.8892035484313965,-11.98265552520752,1.4681615829467773,0.25298258662223816,-13.624135971069336,1.5155304670333862,0.2644934058189392,-13.472331047058105,1.2176815271377563,-0.6772202849388123,-13.676655769348145,1.7692002058029175,-1.368642807006836,-11.273255348205566,1.171260952949524,-1.1090742349624634,-13.498092651367188,1.1937988996505737,-1.3856420516967773,-13.274378776550293,1.4135249853134155,0.16063135862350464,-13.732306480407715,1.1736921072006226,-1.156537413597107,-13.229540824890137,1.1062299013137817,-1.74064302444458,-13.038446426391602,1.1848887205123901,-0.8810029625892639,-13.579028129577637,1.7613308429718018,-1.2207907438278198,-11.285616874694824,1.3298373222351074,-0.07605918496847153,-13.734223365783691,1.1337472200393677,-2.114871025085449,-12.679352760314941,1.4490671157836914,-1.742496132850647,-11.77973461151123,1.2219573259353638,-0.6341124773025513,-13.582488059997559,1.159764051437378,-1.3624662160873413,-13.108529090881348,1.2552913427352905,-1.9867154359817505,-12.278374671936035,1.4658130407333374,0.08923587203025818,-13.344286918640137,1.3661293983459473,-0.041734177619218826,-13.58887004852295,1.2902895212173462,-0.30562031269073486,-13.642638206481934,1.6971312761306763,-1.0804164409637451,-11.50535774230957,1.6253260374069214,-1.5253055095672607,-11.433549880981445,1.1531805992126465,-1.9098880290985107,-12.789037704467773,1.1344349384307861,-1.57431161403656,-12.980663299560547,1.4192461967468262,0.06467042863368988,-13.511007308959961,1.5956928730010986,-0.1369667649269104,-12.642745971679688,1.6052166223526,-0.5612324476242065,-12.189735412597656,1.273141622543335,-0.44308939576148987,-13.465292930603027,1.423817753791809,-0.09791277348995209,-13.188597679138184,1.525842547416687,-0.03533132001757622,-12.974160194396973,1.172365427017212,-2.0108625888824463,-12.527052879333496,1.698428988456726,-0.8037126660346985,-11.795720100402832,1.3685500621795654,-1.7503801584243774,-11.967926025390625,1.1833652257919312,-0.9190521240234375,-13.337730407714844,1.29793381690979,-1.8884620666503906,-12.147844314575195,1.3848050832748413,-0.09585872292518616,-13.36594009399414,1.2951955795288086,-0.3321341574192047,-13.447279930114746,1.6486681699752808,-1.2556684017181396,-11.477252006530762,1.13404381275177,-1.6810353994369507,-12.94437026977539,1.6230425834655762,-1.4132728576660156,-11.441591262817383,1.16850745677948,-1.2106343507766724,-13.025877952575684,1.2252024412155151,-0.6626752018928528,-13.386982917785645,1.336591362953186,-0.19299115240573883,-13.465246200561523,1.1465247869491577,-1.7952791452407837,-12.717170715332031,1.6119041442871094,-0.9853121042251587,-11.739362716674805,1.1448780298233032,-1.4139951467514038,-12.941585540771484,1.6013233661651611,-0.7333540320396423,-12.00277328491211,1.4186692237854004,-1.6571201086044312,-11.841107368469238,1.496747374534607,-1.5585176944732666,-11.672410011291504,1.4941198825836182,-0.18250878155231476,-12.814451217651367,1.4977738857269287,-0.5759397149085999,-12.345908164978027,1.2737659215927124,-0.5321634411811829,-13.225743293762207,1.2146800756454468,-1.7656701803207397,-12.324202537536621,1.4240736961364746,-0.22194090485572815,-12.99616813659668,1.1767090559005737,-1.6799542903900146,-12.481965065002441,1.5274419784545898,-0.2515667974948883,-12.632253646850586,1.510483741760254,-0.3987106680870056,-12.500432014465332,1.5396902561187744,-0.8664458990097046,-11.959796905517578,1.5486538410186768,-1.3963052034378052,-11.570055961608887,1.2364380359649658,-0.6872671246528625,-13.224930763244629,1.3372324705123901,-0.3276905417442322,-13.197159767150879,1.149346113204956,-1.6693720817565918,-12.655579566955566,1.276218056678772,-1.6872390508651733,-12.157848358154297,1.5610233545303345,-1.1914031505584717,-11.64798641204834,1.1980472803115845,-0.9182944297790527,-13.134759902954102,1.149519681930542,-1.4810106754302979,-12.745394706726074,1.201249599456787,-1.0134104490280151,-12.953598022460938,1.345953106880188,-0.4168166518211365,-12.99243450164795,1.4158388376235962,-0.33816125988960266,-12.82452392578125,1.3585082292556763,-1.5159056186676025,-11.953639030456543,1.4268577098846436,-1.44229257106781,-11.807930946350098,1.2596445083618164,-0.6496366858482361,-13.095523834228516,1.4968574047088623,-1.0643160343170166,-11.87246036529541,1.4719479084014893,-0.7520789504051208,-12.196051597595215,1.4113471508026123,-0.5178958773612976,-12.615299224853516,1.4680428504943848,-1.2739263772964478,-11.769756317138672,1.1727503538131714,-1.2772393226623535,-12.760357856750488,1.1756839752197266,-1.3440021276474,-12.634660720825195,1.262249231338501,-1.5663565397262573,-12.187994003295898,1.1779403686523438,-1.4569425582885742,-12.536703109741211,1.2666107416152954,-0.7729880809783936,-12.884871482849121,1.3432916402816772,-0.5744321942329407,-12.800454139709473,1.3845329284667969,-1.0463029146194458,-12.130895614624023,1.2047063112258911,-1.0654617547988892,-12.812762260437012,1.2979083061218262,-0.7933115363121033,-12.690194129943848,1.3890236616134644,-0.7498477101325989,-12.395157814025879,1.374274730682373,-1.2375637292861938,-12.009560585021973,1.3501715660095215,-0.9146040081977844,-12.338407516479492,1.2185605764389038,-1.4255523681640625,-12.360218048095703,1.3309743404388428,-0.8033387064933777,-12.532051086425781,1.2303228378295898,-1.048569679260254,-12.638873100280762,1.2802942991256714,-1.33113694190979,-12.203594207763672,1.2394009828567505,-1.2019357681274414,-12.430898666381836
